1
         893           1         210
  0.000000000000E+00  0.000000000000E+00
  0.117887612203E-05  0.190156119371E-09
  0.237756482565E-05  0.773459759422E-09
  0.359639908765E-05  0.176973028869E-08
  0.483571748095E-05  0.319956383182E-08
  0.609586426862E-05  0.508436088160E-08
  0.737718949954E-05  0.740016466021E-08
  0.868004910562E-05  0.101957790996E-07
  0.100048050007E-04  0.134923742223E-07
  0.113518251810E-04  0.173024183901E-07
  0.127214838275E-04  0.216486605946E-07
  0.141141614098E-04  0.265507041299E-07
  0.155302447916E-04  0.320288415119E-07
  0.169701273385E-04  0.381045624140E-07
  0.184342090273E-04  0.447998563537E-07
  0.199228965567E-04  0.521374124922E-07
  0.214366034605E-04  0.601406275328E-07
  0.229757502226E-04  0.688336062968E-07
  0.245407643938E-04  0.782411847566E-07
  0.261320807101E-04  0.883889470755E-07
  0.277501412143E-04  0.993032450515E-07
  0.293953953778E-04  0.111011218825E-06
  0.310683002264E-04  0.123540818631E-06
  0.327693204666E-04  0.136920827789E-06
  0.344989286149E-04  0.151180886882E-06
  0.362576051292E-04  0.166351519165E-06
  0.380458385420E-04  0.182464157202E-06
  0.398641255964E-04  0.199551170793E-06
  0.417129713838E-04  0.217645896188E-06
  0.435928894843E-04  0.236782666639E-06
  0.455044021095E-04  0.256996844315E-06
  0.474480402474E-04  0.278324853626E-06
  0.494243438100E-04  0.300804215990E-06
  0.514338617832E-04  0.324473586090E-06
  0.534771523794E-04  0.349372789667E-06
  0.555547831924E-04  0.375542862893E-06
  0.576673313553E-04  0.403026093388E-06
  0.598153837006E-04  0.431866062919E-06
  0.619995369233E-04  0.462107691850E-06
  0.642203977467E-04  0.493797285392E-06
  0.664785830908E-04  0.526982581724E-06
  0.687747202438E-04  0.561712802037E-06
  0.711094470365E-04  0.598038702566E-06
  0.734834120190E-04  0.636012628686E-06
  0.758972746413E-04  0.675688571126E-06
  0.783517054364E-04  0.717122224379E-06
  0.808473862063E-04  0.760371047368E-06
  0.833850102118E-04  0.805494326451E-06
  0.859652823647E-04  0.852553240828E-06
  0.885889194239E-04  0.901610930423E-06
  0.912566501943E-04  0.952732566325E-06
  0.939692157295E-04  0.100598542385E-05
  0.967273695372E-04  0.106143895829E-05
  0.995318777891E-04  0.111916488348E-05
  0.102383519533E-03  0.117923725319E-05
  0.105283086911E-03  0.124173254544E-05
  0.108231385375E-03  0.130672974988E-05
  0.111229233918E-03  0.137431045818E-05
  0.114277465294E-03  0.144455895768E-05
  0.117376926253E-03  0.151756232825E-05
  0.120528477778E-03  0.159341054249E-05
  0.123732995318E-03  0.167219656936E-05
  0.126991369039E-03  0.175401648130E-05
  0.130304504066E-03  0.183896956501E-05
  0.133673320734E-03  0.192715843583E-05
  0.137098754848E-03  0.201868915595E-05
  0.140581757940E-03  0.211367135649E-05
  0.144123297532E-03  0.221221836355E-05
  0.147724357408E-03  0.231444732830E-05
  0.151385937887E-03  0.242047936130E-05
  0.155109056097E-03  0.253043967106E-05
  0.158894746262E-03  0.264445770701E-05
  0.162744059986E-03  0.276266730699E-05
  0.166658066549E-03  0.288520684936E-05
  0.170637853199E-03  0.301221940992E-05
  0.174684525458E-03  0.314385292364E-05
  0.178799207428E-03  0.328026035153E-05
  0.182983042103E-03  0.342159985265E-05
  0.187237191686E-03  0.356803496144E-05
  0.191562837912E-03  0.371973477061E-05
  0.195961182378E-03  0.387687411970E-05
  0.200433446874E-03  0.403963378943E-05
  0.204980873724E-03  0.420820070222E-05
  0.209604726133E-03  0.438276812889E-05
  0.214306288533E-03  0.456353590177E-05
  0.219086866944E-03  0.475071063464E-05
  0.223947789335E-03  0.494450594940E-05
  0.228890405994E-03  0.514514271006E-05
  0.233916089901E-03  0.535284926401E-05
  0.239026237113E-03  0.556786169104E-05
  0.244222267147E-03  0.579042406023E-05
  0.249505623378E-03  0.602078869519E-05
  0.254877773440E-03  0.625921644768E-05
  0.260340209631E-03  0.650597698023E-05
  0.265894449329E-03  0.676134905777E-05
  0.271542035414E-03  0.702562084896E-05
  0.277284536697E-03  0.729909023716E-05
  0.283123548354E-03  0.758206514179E-05
  0.289060692369E-03  0.787486385016E-05
  0.295097617989E-03  0.817781536038E-05
  0.301236002175E-03  0.849125973554E-05
  0.307477550074E-03  0.881554846977E-05
  0.313823995489E-03  0.915104486646E-05
  0.320277101362E-03  0.949812442913E-05
  0.326838660265E-03  0.985717526548E-05
  0.333510494894E-03  0.102285985049E-04
  0.340294458581E-03  0.106128087300E-04
  0.347192435802E-03  0.110102344231E-04
  0.354206342708E-03  0.114213184270E-04
  0.361338127651E-03  0.118465184221E-04
  0.368589771727E-03  0.122863074188E-04
  0.375963289330E-03  0.127411742679E-04
  0.383460728705E-03  0.132116241866E-04
  0.391084172524E-03  0.136981793032E-04
  0.398835738459E-03  0.142013792206E-04
  0.406717579771E-03  0.147217815976E-04
  0.414731885913E-03  0.152599627514E-04
  0.422880883131E-03  0.158165182790E-04
  0.431166835089E-03  0.163920637003E-04
  0.439592043493E-03  0.169872351233E-04
  0.448158848733E-03  0.176026899307E-04
  0.456869630533E-03  0.182391074904E-04
  0.465726808609E-03  0.188971898899E-04
  0.474732843346E-03  0.195776626947E-04
  0.483890236478E-03  0.202812757333E-04
  0.493201531785E-03  0.210088039074E-04
  0.502669315798E-03  0.217610480301E-04
  0.512296218516E-03  0.225388356922E-04
  0.522084914142E-03  0.233430221568E-04
  0.532038121821E-03  0.241744912845E-04
  0.542158606396E-03  0.250341564896E-04
  0.552449179179E-03  0.259229617276E-04
  0.562912698728E-03  0.268418825164E-04
  0.573552071644E-03  0.277919269915E-04
  0.584370253375E-03  0.287741369957E-04
  0.595370249044E-03  0.297895892061E-04
  0.606555114273E-03  0.308393962978E-04
  0.617927956043E-03  0.319247081473E-04
  0.629491933549E-03  0.330467130749E-04
  0.641250259082E-03  0.342066391291E-04
  0.653206198919E-03  0.354057554139E-04
  0.665363074230E-03  0.366453734593E-04
  0.677724262004E-03  0.379268486384E-04
  0.690293195984E-03  0.392515816309E-04
  0.703073367621E-03  0.406210199352E-04
  0.716068327046E-03  0.420366594313E-04
  0.729281684051E-03  0.435000459946E-04
  0.742717109100E-03  0.450127771640E-04
  0.756378334341E-03  0.465765038649E-04
  0.770269154647E-03  0.481929321894E-04
  0.784393428668E-03  0.498638252355E-04
  0.798755079905E-03  0.515910050068E-04
  0.813358097798E-03  0.533763543759E-04
  0.828206538834E-03  0.552218191119E-04
  0.843304527676E-03  0.571294099755E-04
  0.858656258306E-03  0.591012048831E-04
  0.874265995193E-03  0.611393511425E-04
  0.890138074476E-03  0.632460677625E-04
  0.906276905167E-03  0.654236478377E-04
  0.922686970379E-03  0.676744610148E-04
  0.939372828568E-03  0.700009560371E-04
  0.956339114803E-03  0.724056633749E-04
  0.973590542050E-03  0.748911979416E-04
  0.991131902482E-03  0.774602618998E-04
  0.100896806881E-02  0.801156475595E-04
  0.102710399565E-02  0.828602403722E-04
  0.104554472086E-02  0.856970220229E-04
  0.106429536700E-02  0.886290736241E-04
  0.108336114269E-02  0.916595790146E-04
  0.110274734410E-02  0.947918281673E-04
  0.112245935642E-02  0.980292207080E-04
  0.114250265533E-02  0.101375269550E-03
  0.116288280855E-02  0.104833604649E-03
  0.118360547735E-02  0.108407976879E-03
  0.120467641817E-02  0.112102262036E-03
  0.122610148418E-02  0.115920464977E-03
  0.124788662694E-02  0.119866723883E-03
  0.127003789800E-02  0.123945314679E-03
  0.129256145063E-02  0.128160655579E-03
  0.131546354154E-02  0.132517311798E-03
  0.133875053255E-02  0.137020000401E-03
  0.136242889243E-02  0.141673595325E-03
  0.138650519865E-02  0.146483132552E-03
  0.141098613922E-02  0.151453815463E-03
  0.143587851457E-02  0.156591020355E-03
  0.146118923940E-02  0.161900302146E-03
  0.148692534463E-02  0.167387400259E-03
  0.151309397936E-02  0.173058244705E-03
  0.153970241280E-02  0.178918962354E-03
  0.156675803637E-02  0.184975883419E-03
  0.159426836569E-02  0.191235548144E-03
  0.162224104269E-02  0.197704713713E-03
  0.165068383774E-02  0.204390361375E-03
  0.167960465180E-02  0.211299703814E-03
  0.170901151862E-02  0.218440192740E-03
  0.173891260696E-02  0.225819526739E-03
  0.176931622287E-02  0.233445659371E-03
  0.180023081199E-02  0.241326807528E-03
  0.183166496191E-02  0.249471460063E-03
  0.186362740454E-02  0.257888386698E-03
  0.189612701853E-02  0.266586647218E-03
  0.192917283178E-02  0.275575600959E-03
  0.196277402389E-02  0.284864916602E-03
  0.199693992873E-02  0.294464582281E-03
  0.203168003706E-02  0.304384916017E-03
  0.206700399912E-02  0.314636576483E-03
  0.210292162736E-02  0.325230574115E-03
  0.213944289913E-02  0.336178282578E-03
  0.217657795946E-02  0.347491450602E-03
  0.221433712388E-02  0.359182214184E-03
  0.225273088129E-02  0.371263109194E-03
  0.229176989687E-02  0.383747084372E-03
  0.233146501505E-02  0.396647514742E-03
  0.237182726250E-02  0.409978215450E-03
  0.241286785122E-02  0.423753456045E-03
  0.245459818162E-02  0.437987975207E-03
  0.249702984575E-02  0.452696995946E-03
  0.254017463045E-02  0.467896241279E-03
  0.258404452065E-02  0.483601950401E-03
  0.262865170271E-02  0.499830895373E-03
  0.267400856782E-02  0.516600398321E-03
  0.272012771539E-02  0.533928349194E-03
  0.276702195659E-02  0.551833224065E-03
  0.281470431790E-02  0.570334104013E-03
  0.286318804473E-02  0.589450694598E-03
  0.291248660509E-02  0.609203345939E-03
  0.296261369334E-02  0.629613073425E-03
  0.301358323400E-02  0.650701579067E-03
  0.306540938560E-02  0.672491273520E-03
  0.311810654463E-02  0.695005298785E-03
  0.317168934952E-02  0.718267551621E-03
  0.322617268473E-02  0.742302707675E-03
  0.328157168487E-02  0.767136246368E-03
  0.333790173892E-02  0.792794476540E-03
  0.339517849446E-02  0.819304562896E-03
  0.345341786208E-02  0.846694553257E-03
  0.351263601976E-02  0.874993406654E-03
  0.357284941735E-02  0.904231022284E-03
  0.363407478120E-02  0.934438269348E-03
  0.369632911875E-02  0.965647017803E-03
  0.375962972325E-02  0.997890170057E-03
  0.382399417864E-02  0.103120169362E-02
  0.388944036432E-02  0.106561665476E-02
  0.395598646022E-02  0.110117125315E-02
  0.402365095180E-02  0.113790285761E-02
  0.409245263517E-02  0.117585004289E-02
  0.416241062237E-02  0.121505262757E-02
  0.423354434662E-02  0.125555171310E-02
  0.430587356773E-02  0.129738972403E-02
  0.437941837764E-02  0.134061044941E-02
  0.445419920591E-02  0.138525908543E-02
  0.453023682550E-02  0.143138227938E-02
  0.460755235844E-02  0.147902817485E-02
  0.468616728177E-02  0.152824645828E-02
  0.476610343347E-02  0.157908840694E-02
  0.484738301855E-02  0.163160693825E-02
  0.493002861519E-02  0.168585666061E-02
  0.501406318103E-02  0.174189392567E-02
  0.509951005955E-02  0.179977688215E-02
  0.518639298654E-02  0.185956553127E-02
  0.527473609671E-02  0.192132178368E-02
  0.536456393038E-02  0.198510951814E-02
  0.545590144029E-02  0.205099464189E-02
  0.554877399857E-02  0.211904515266E-02
  0.564320740375E-02  0.218933120258E-02
  0.573922788794E-02  0.226192516382E-02
  0.583686212411E-02  0.233690169617E-02
  0.593613723351E-02  0.241433781649E-02
  0.603708079319E-02  0.249431297014E-02
  0.613972084370E-02  0.257690910445E-02
  0.624408589680E-02  0.266221074415E-02
  0.635020494346E-02  0.275030506908E-02
  0.645810746188E-02  0.284128199390E-02
  0.656782342568E-02  0.293523425008E-02
  0.667938331221E-02  0.303225747016E-02
  0.679281811105E-02  0.313245027432E-02
  0.690815933260E-02  0.323591435929E-02
  0.702543901683E-02  0.334275458973E-02
  0.714468974218E-02  0.345307909203E-02
  0.726594463462E-02  0.356699935069E-02
  0.738923737683E-02  0.368463030724E-02
  0.751460221761E-02  0.380609046188E-02
  0.764207398133E-02  0.393150197771E-02
  0.777168807762E-02  0.406099078781E-02
  0.790348051123E-02  0.419468670506E-02
  0.803748789202E-02  0.433272353489E-02
  0.817374744513E-02  0.447523919094E-02
  0.831229702131E-02  0.462237581364E-02
  0.845317510744E-02  0.477427989195E-02
  0.859642083724E-02  0.493110238811E-02
  0.874207400209E-02  0.509299886554E-02
  0.889017506215E-02  0.526012962007E-02
  0.904076515756E-02  0.543265981430E-02
  0.919388611986E-02  0.561075961537E-02
  0.934958048365E-02  0.579460433613E-02
  0.950789149835E-02  0.598437457969E-02
  0.966886314027E-02  0.618025638755E-02
  0.983254012479E-02  0.638244139119E-02
  0.999896791878E-02  0.659112696736E-02
  0.101681927533E-01  0.680651639698E-02
  0.103402616362E-01  0.702881902774E-02
  0.105152223657E-01  0.725825044054E-02
  0.106931235430E-01  0.749503261964E-02
  0.108740145862E-01  0.773939412673E-02
  0.110579457441E-01  0.799157027893E-02
  0.112449681098E-01  0.825180333065E-02
  0.114351336352E-01  0.852034265954E-02
  0.116284951452E-01  0.879744495640E-02
  0.118251063526E-01  0.908337441916E-02
  0.120250218729E-01  0.937840295101E-02
  0.122282972395E-01  0.968281036258E-02
  0.124349889191E-01  0.999688457834E-02
  0.126451543274E-01  0.103209218471E-01
  0.128588518449E-01  0.106552269569E-01
  0.130761408335E-01  0.110001134538E-01
  0.132970816527E-01  0.113559038649E-01
  0.135217356762E-01  0.117229299263E-01
  0.137501653095E-01  0.121015328140E-01
  0.139824340067E-01  0.124920633802E-01
  0.142186062883E-01  0.128948823933E-01
  0.144587477594E-01  0.133103607818E-01
  0.147029251273E-01  0.137388798831E-01
  0.149512062208E-01  0.141808316955E-01
  0.152036600083E-01  0.146366191352E-01
  0.154603566176E-01  0.151066562968E-01
  0.157213673550E-01  0.155913687178E-01
  0.159867647250E-01  0.160911936469E-01
  0.162566224509E-01  0.166065803168E-01
  0.165310154949E-01  0.171379902200E-01
  0.168100200790E-01  0.176858973882E-01
  0.170937137064E-01  0.182507886762E-01
  0.173821751826E-01  0.188331640479E-01
  0.176754846376E-01  0.194335368666E-01
  0.179737235483E-01  0.200524341881E-01
  0.182769747607E-01  0.206903970561E-01
  0.185853225131E-01  0.213479808021E-01
  0.188988524597E-01  0.220257553455E-01
  0.192176516942E-01  0.227243054983E-01
  0.195418087739E-01  0.234442312708E-01
  0.198714137446E-01  0.241861481792E-01
  0.202065581654E-01  0.249506875553E-01
  0.205473351340E-01  0.257384968573E-01
  0.208938393130E-01  0.265502399817E-01
  0.212461669556E-01  0.273865975758E-01
  0.216044159330E-01  0.282482673512E-01
  0.219686857611E-01  0.291359643961E-01
  0.223390776283E-01  0.300504214887E-01
  0.227156944236E-01  0.309923894088E-01
  0.230986407651E-01  0.319626372481E-01
  0.234880230294E-01  0.329619527196E-01
  0.238839493807E-01  0.339911424643E-01
  0.242865298010E-01  0.350510323546E-01
  0.246958761209E-01  0.361424677957E-01
  0.251121020503E-01  0.372663140217E-01
  0.255353232102E-01  0.384234563881E-01
  0.259656571647E-01  0.396148006590E-01
  0.264032234538E-01  0.408412732879E-01
  0.268481436266E-01  0.421038216925E-01
  0.273005412748E-01  0.434034145216E-01
  0.277605420673E-01  0.447410419145E-01
  0.282282737851E-01  0.461177157505E-01
  0.287038663567E-01  0.475344698893E-01
  0.291874518941E-01  0.489923604000E-01
  0.296791647299E-01  0.504924657786E-01
  0.301791414541E-01  0.520358871524E-01
  0.306875209523E-01  0.536237484712E-01
  0.312044444442E-01  0.552571966823E-01
  0.317300555232E-01  0.569374018905E-01
  0.322645001956E-01  0.586655575004E-01
  0.328079269218E-01  0.604428803397E-01
  0.333604866570E-01  0.622706107633E-01
  0.339223328938E-01  0.641500127353E-01
  0.344936217040E-01  0.660823738897E-01
  0.350745117827E-01  0.680690055651E-01
  0.356651644920E-01  0.701112428155E-01
  0.362657439058E-01  0.722104443934E-01
  0.368764168557E-01  0.743679927031E-01
  0.374973529770E-01  0.765852937252E-01
  0.381287247558E-01  0.788637769076E-01
  0.387707075774E-01  0.812048950230E-01
  0.394234797744E-01  0.836101239907E-01
  0.400872226766E-01  0.860809626600E-01
  0.407621206613E-01  0.886189325547E-01
  0.414483612045E-01  0.912255775757E-01
  0.421461349330E-01  0.939024636588E-01
  0.428556356773E-01  0.966511783883E-01
  0.435770605255E-01  0.994733305610E-01
  0.443106098781E-01  0.102370549701E+00
  0.450564875034E-01  0.105344485521E+00
  0.458149005946E-01  0.108396807328E+00
  0.465860598267E-01  0.111529203376E+00
  0.473701794157E-01  0.114743380150E+00
  0.481674771775E-01  0.118041061601E+00
  0.489781745889E-01  0.121423988299E+00
  0.498024968489E-01  0.124893916538E+00
  0.506406729411E-01  0.128452617355E+00
  0.514929356977E-01  0.132101875483E+00
  0.523595218637E-01  0.135843488233E+00
  0.532406721631E-01  0.139679264288E+00
  0.541366313656E-01  0.143611022428E+00
  0.550476483545E-01  0.147640590158E+00
  0.559739761958E-01  0.151769802267E+00
  0.569158722089E-01  0.156000499281E+00
  0.578735980376E-01  0.160334525839E+00
  0.588474197230E-01  0.164773728961E+00
  0.598376077774E-01  0.169319956236E+00
  0.608444372593E-01  0.173975053890E+00
  0.618681878502E-01  0.178740864773E+00
  0.629091439317E-01  0.183619226225E+00
  0.639675946651E-01  0.188611967841E+00
  0.650438340712E-01  0.193720909131E+00
  0.661381611123E-01  0.198947857057E+00
  0.672508797752E-01  0.204294603466E+00
  0.683822991556E-01  0.209762922401E+00
  0.695327335439E-01  0.215354567295E+00
  0.707025025126E-01  0.221071268043E+00
  0.718919310051E-01  0.226914727957E+00
  0.731013494258E-01  0.232886620586E+00
  0.743310937320E-01  0.238988586426E+00
  0.755815055274E-01  0.245222229492E+00
  0.768529321565E-01  0.251589113763E+00
  0.781457268016E-01  0.258090759507E+00
  0.794602485806E-01  0.264728639467E+00
  0.807968626470E-01  0.271504174924E+00
  0.821559402909E-01  0.278418731632E+00
  0.835378590427E-01  0.285473615616E+00
  0.849430027777E-01  0.292670068851E+00
  0.863717618225E-01  0.300009264807E+00
  0.878245330639E-01  0.307492303876E+00
  0.893017200587E-01  0.315120208661E+00
  0.908037331462E-01  0.322893919159E+00
  0.923309895618E-01  0.330814287811E+00
  0.938839135534E-01  0.338882074447E+00
  0.954629364987E-01  0.347097941100E+00
  0.970684970252E-01  0.355462446739E+00
  0.987010411325E-01  0.363976041860E+00
  0.100361022315E+00  0.372639063014E+00
  0.102048901690E+00  0.381451727211E+00
  0.103765148124E+00  0.390414126254E+00
  0.105510238362E+00  0.399526220977E+00
  0.107284657163E+00  0.408787835423E+00
  0.109088897433E+00  0.418198650936E+00
  0.110923460361E+00  0.427758200220E+00
  0.112788855559E+00  0.437465861313E+00
  0.114685601206E+00  0.447320851566E+00
  0.116614224186E+00  0.457322221549E+00
  0.118575260242E+00  0.467468848979E+00
  0.120569254117E+00  0.477759432617E+00
  0.122596759713E+00  0.488192486196E+00
  0.124658340237E+00  0.498766332357E+00
  0.126754568364E+00  0.509479096652E+00
  0.128886026394E+00  0.520328701580E+00
  0.131053306412E+00  0.531312860738E+00
  0.133257010454E+00  0.542429073046E+00
  0.135497750674E+00  0.553674617129E+00
  0.137776149515E+00  0.565046545833E+00
  0.140092839879E+00  0.576541680951E+00
  0.142448465307E+00  0.588156608144E+00
  0.144843680154E+00  0.599887672145E+00
  0.147279149773E+00  0.611730972227E+00
  0.149755550699E+00  0.623682358038E+00
  0.152273570838E+00  0.635737425792E+00
  0.154833909654E+00  0.647891514890E+00
  0.157437278371E+00  0.660139705024E+00
  0.160084400163E+00  0.672476813772E+00
  0.162776010357E+00  0.684897394773E+00
  0.165512856643E+00  0.697395736462E+00
  0.168295699271E+00  0.709965861446E+00
  0.171125311271E+00  0.722601526453E+00
  0.174002478666E+00  0.735296222938E+00
  0.176928000687E+00  0.748043178174E+00
  0.179902689997E+00  0.760835356916E+00
  0.182927372919E+00  0.773665463329E+00
  0.186002889661E+00  0.786525943258E+00
  0.189130094553E+00  0.799408986392E+00
  0.192309856284E+00  0.812306528393E+00
  0.195543058142E+00  0.825210252410E+00
  0.198830598258E+00  0.838111590115E+00
  0.202173389859E+00  0.851001721598E+00
  0.205572361520E+00  0.863871574434E+00
  0.209028457423E+00  0.876711821263E+00
  0.212542637614E+00  0.889512876505E+00
  0.216115878279E+00  0.902264891683E+00
  0.219749172008E+00  0.914957750349E+00
  0.223443528070E+00  0.927581062285E+00
  0.227199972702E+00  0.940124158384E+00
  0.231019549383E+00  0.952576086021E+00
  0.234903319132E+00  0.964925606635E+00
  0.238852360798E+00  0.977161195306E+00
  0.242867771363E+00  0.989271044144E+00
  0.246950666245E+00  0.100124306901E+01
  0.251102179607E+00  0.101306492113E+01
  0.255323464675E+00  0.102472400263E+01
  0.259615694054E+00  0.103620748700E+01
  0.263980060057E+00  0.104750234290E+01
  0.268417775038E+00  0.105859536178E+01
  0.272930071723E+00  0.106947318728E+01
  0.277518203557E+00  0.108012234677E+01
  0.282183445050E+00  0.109052928280E+01
  0.286927092133E+00  0.110068038527E+01
  0.291750462517E+00  0.111056202234E+01
  0.296654896056E+00  0.112016057122E+01
  0.301641755126E+00  0.112946244754E+01
  0.306712424997E+00  0.113845413457E+01
  0.311868314221E+00  0.114712221128E+01
  0.317110855023E+00  0.115545338066E+01
  0.322441503698E+00  0.116343449736E+01
  0.327861741016E+00  0.117105259594E+01
  0.333373072632E+00  0.117829491875E+01
  0.338977029509E+00  0.118514894464E+01
  0.344675168336E+00  0.119160241735E+01
  0.350469071967E+00  0.119764337458E+01
  0.356360349857E+00  0.120326017695E+01
  0.362350638510E+00  0.120844153700E+01
  0.368441601932E+00  0.121317654822E+01
  0.374634932098E+00  0.121745471364E+01
  0.380932349418E+00  0.122126597426E+01
  0.387335603213E+00  0.122460073667E+01
  0.393846472207E+00  0.122744990044E+01
  0.400466765016E+00  0.122980488409E+01
  0.407198320654E+00  0.123165765103E+01
  0.414043009040E+00  0.123300073348E+01
  0.421002731520E+00  0.123382725645E+01
  0.428079421396E+00  0.123413095925E+01
  0.435275044459E+00  0.123390621729E+01
  0.442591599542E+00  0.123314806078E+01
  0.450031119066E+00  0.123185219413E+01
  0.457595669613E+00  0.123001501167E+01
  0.465287352496E+00  0.122763361437E+01
  0.473108304343E+00  0.122470582249E+01
  0.481060697690E+00  0.122123018950E+01
  0.489146741587E+00  0.121720601146E+01
  0.497368682210E+00  0.121263333812E+01
  0.505728803483E+00  0.120751297897E+01
  0.514229427716E+00  0.120184651144E+01
  0.522872916249E+00  0.119563628367E+01
  0.531661670106E+00  0.118888541971E+01
  0.540598130663E+00  0.118159781904E+01
  0.549684780330E+00  0.117377815887E+01
  0.558924143232E+00  0.116543189044E+01
  0.568318785920E+00  0.115656523841E+01
  0.577871318077E+00  0.114718519404E+01
  0.587584393246E+00  0.113729951173E+01
  0.597460709565E+00  0.112691669921E+01
  0.607503010519E+00  0.111604601123E+01
  0.617714085700E+00  0.110469743689E+01
  0.628096771585E+00  0.109288169050E+01
  0.638653952319E+00  0.108061019612E+01
  0.649388560520E+00  0.106789507561E+01
  0.660303578093E+00  0.105474913048E+01
  0.671402037058E+00  0.104118582706E+01
  0.682687020391E+00  0.102721927563E+01
  0.694161662882E+00  0.101286421264E+01
  0.705829152006E+00  0.998135977137E+00
  0.717692728807E+00  0.983050489811E+00
  0.729755688799E+00  0.967624226620E+00
  0.742021382883E+00  0.951874194463E+00
  0.754493218273E+00  0.935817901802E+00
  0.767174659450E+00  0.919473330694E+00
  0.780069229117E+00  0.902858904205E+00
  0.793180509182E+00  0.885993454486E+00
  0.806512141751E+00  0.868896186754E+00
  0.820067830142E+00  0.851586643164E+00
  0.833851339910E+00  0.834084663190E+00
  0.847866499898E+00  0.816410343146E+00
  0.862117203295E+00  0.798583992978E+00
  0.876607408721E+00  0.780626091552E+00
  0.891341141328E+00  0.762557240140E+00
  0.906322493912E+00  0.744398113965E+00
  0.921555628057E+00  0.726169413099E+00
  0.937044775288E+00  0.707891811251E+00
  0.952794238244E+00  0.689585905319E+00
  0.968808391878E+00  0.671272162963E+00
  0.985091684669E+00  0.652970872586E+00
  0.100164863986E+01  0.634702091731E+00
  0.101848385671E+01  0.616485599891E+00
  0.103560201177E+01  0.598340850115E+00
  0.105300786021E+01  0.580286926997E+00
  0.107070623708E+01  0.562342504416E+00
  0.108870205872E+01  0.544525811202E+00
  0.110700032409E+01  0.526854597694E+00
  0.112560611615E+01  0.509346111616E+00
  0.114452460330E+01  0.492017075974E+00
  0.116376104079E+01  0.474883677414E+00
  0.118332077221E+01  0.457961557510E+00
  0.120320923094E+01  0.441265814951E+00
  0.122343194168E+01  0.424811010535E+00
  0.124399452197E+01  0.408611181409E+00
  0.126490268378E+01  0.392679854766E+00
  0.128616223507E+01  0.377030064146E+00
  0.130777908139E+01  0.361674355101E+00
  0.132975922758E+01  0.346624778524E+00
  0.135210877937E+01  0.331892855005E+00
  0.137483394511E+01  0.317489506249E+00
  0.139794103750E+01  0.303424940724E+00
  0.142143647531E+01  0.289708499531E+00
  0.144532678521E+01  0.276348469565E+00
  0.146961860356E+01  0.263351894591E+00
  0.149431867823E+01  0.250724415656E+00
  0.151943387051E+01  0.238470181496E+00
  0.154497115702E+01  0.226591849518E+00
  0.157093763160E+01  0.215090683003E+00
  0.159734050732E+01  0.203966719837E+00
  0.162418711851E+01  0.193218978153E+00
  0.165148492270E+01  0.182845656980E+00
  0.167924150282E+01  0.172844304465E+00
  0.170746456919E+01  0.163211938154E+00
  0.173616196174E+01  0.153945119490E+00
  0.176534165215E+01  0.145039991050E+00
  0.179501174608E+01  0.136492290168E+00
  0.182518048540E+01  0.128297349908E+00
  0.185585625053E+01  0.120450096398E+00
  0.188704756270E+01  0.112945047670E+00
  0.191876308637E+01  0.105776316768E+00
  0.195101163161E+01  0.989376201859E-01
  0.198380215656E+01  0.924222912798E-01
  0.201714376990E+01  0.862232984173E-01
  0.205104573341E+01  0.803332665844E-01
  0.208551746451E+01  0.747445022186E-01
  0.212056853893E+01  0.694490199268E-01
  0.215620869327E+01  0.644385711815E-01
  0.219244782783E+01  0.597046737915E-01
  0.222929600926E+01  0.552386425176E-01
  0.226676347339E+01  0.510316197620E-01
  0.230486062811E+01  0.470746068501E-01
  0.234359805620E+01  0.433584949334E-01
  0.238298651830E+01  0.398740960695E-01
  0.242303695591E+01  0.366121735880E-01
  0.246376049440E+01  0.335634722714E-01
  0.250516844614E+01  0.307187475349E-01
  0.254727231359E+01  0.280687940754E-01
  0.259008379256E+01  0.256044732590E-01
  0.263361477538E+01  0.233167396457E-01
  0.267787735428E+01  0.211966660208E-01
  0.272288382471E+01  0.192354672604E-01
  0.276864668874E+01  0.174245225085E-01
  0.281517865859E+01  0.157553959335E-01
  0.286249266010E+01  0.142198556506E-01
  0.291060183635E+01  0.128098910293E-01
  0.295951955131E+01  0.115177280806E-01
  0.300925939355E+01  0.103358431036E-01
  0.305983518002E+01  0.925697438902E-02
  0.311126095985E+01  0.827413212976E-02
  0.316355101834E+01  0.738060642523E-02
  0.321671988082E+01  0.656997351270E-02
  0.327078231678E+01  0.583610018547E-02
  0.332575334389E+01  0.517314652136E-02
  0.338164823225E+01  0.457556694070E-02
  0.343848250856E+01  0.403810971144E-02
  0.349627196051E+01  0.355581496559E-02
  0.355503264107E+01  0.312401134118E-02
  0.361478087305E+01  0.273831134583E-02
  0.367553325355E+01  0.239460555324E-02
  0.373730665863E+01  0.208905574881E-02
  0.380011824797E+01  0.181808713246E-02
  0.386398546962E+01  0.157837970489E-02
  0.392892606491E+01  0.136685894137E-02
  0.399495807330E+01  0.118068588079E-02
  0.406209983743E+01  0.101724672887E-02
  0.413037000824E+01  0.874142098306E-03
  0.419978755009E+01  0.749175977785E-03
  0.427037174609E+01  0.640344542800E-03
  0.434214220340E+01  0.545824891187E-03
  0.441511885873E+01  0.463963803056E-03
  0.448932198384E+01  0.393266596938E-03
  0.456477219119E+01  0.332386166084E-03
  0.464149043965E+01  0.280112254022E-03
  0.471949804034E+01  0.235361036137E-03
  0.479881666253E+01  0.197165052533E-03
  0.487946833970E+01  0.164663541399E-03
  0.496147547561E+01  0.137093203949E-03
  0.504486085053E+01  0.113779433203E-03
  0.512964762761E+01  0.941280239620E-04
  0.521585935928E+01  0.776173807609E-04
  0.530351999380E+01  0.637912286892E-04
  0.539265388190E+01  0.522518304734E-04
  0.548328578358E+01  0.426537041060E-04
  0.557544087493E+01  0.346978335505E-04
  0.566914475520E+01  0.281263584054E-04
  0.576442345384E+01  0.227177268847E-04
  0.586130343777E+01  0.182822919280E-04
  0.595981161872E+01  0.146583292394E-04
  0.605997536070E+01  0.117084532588E-04
  0.616182248762E+01  0.931640667528E-05
  0.626538129100E+01  0.738419769908E-05
  0.637068053785E+01  0.582955951948E-05
  0.647774947863E+01  0.458370606154E-05
  0.658661785540E+01  0.358935888221E-05
  0.669731591008E+01  0.279902050862E-05
  0.680987439285E+01  0.217347064047E-05
  0.692432457066E+01  0.168046261860E-05
  0.704069823597E+01  0.129359893060E-05
  0.715902771555E+01  0.991365806722E-06
  0.727934587946E+01  0.756308445914E-06
  0.740168615018E+01  0.574329824091E-06
  0.752608251191E+01  0.434097529381E-06
  0.765256952000E+01  0.326544482034E-06
  0.778118231053E+01  0.244450809771E-06
  0.791195661011E+01  0.182095472988E-06
  0.804492874578E+01  0.134967509388E-06
  0.818013565509E+01  0.995279463112E-07
  0.831761489639E+01  0.730145330882E-07
  0.845740465924E+01  0.532824517435E-07
  0.859954377503E+01  0.386750854565E-07
  0.874407172776E+01  0.279197512140E-07
  0.889102866502E+01  0.200440455369E-07
  0.904045540911E+01  0.143091089091E-07
  0.919239346844E+01  0.101566941691E-07
  0.934688504898E+01  0.716742861069E-08
  0.950397306607E+01  0.502809725817E-08
  0.966370115628E+01  0.350615375954E-08
  0.982611368954E+01  0.242998116258E-08
  0.999125578150E+01  0.167369720142E-08
  0.101591733060E+02  0.114554834343E-08
  0.103299129079E+02  0.779076088292E-09
  0.105035220160E+02  0.526427557613E-09
  0.106800488561E+02  0.353445376315E-09
  0.108595424646E+02  0.235862935375E-09
  0.110420527020E+02  0.156403739819E-09
  0.112276302667E+02  0.103350642295E-09
  0.114163267093E+02  0.682725066317E-10
  0.116081944466E+02  0.441081966206E-10
  0.118032867766E+02  0.282913536518E-10
  0.120016578926E+02  0.180134596911E-10
  0.122033628993E+02  0.113840408087E-10
  0.124084578268E+02  0.000000000000E+00
  0.126169996475E+02  0.000000000000E+00
  0.128290462910E+02  0.000000000000E+00
  0.130446566604E+02  0.000000000000E+00
  0.132638906488E+02  0.000000000000E+00
  0.134868091562E+02  0.000000000000E+00
  0.137134741056E+02  0.000000000000E+00
  0.139439484610E+02  0.000000000000E+00
  0.141782962446E+02  0.000000000000E+00
  0.144165825545E+02  0.000000000000E+00
  0.146588735828E+02  0.000000000000E+00
  0.149052366342E+02  0.000000000000E+00
  0.151557401445E+02  0.000000000000E+00
  0.154104536994E+02  0.000000000000E+00
  0.156694480546E+02  0.000000000000E+00
  0.159327951545E+02  0.000000000000E+00
  0.162005681527E+02  0.000000000000E+00
  0.164728414324E+02  0.000000000000E+00
  0.167496906268E+02  0.000000000000E+00
  0.170311926402E+02  0.000000000000E+00
  0.173174256694E+02  0.000000000000E+00
  0.176084692255E+02  0.000000000000E+00
  0.179044041558E+02  0.000000000000E+00
  0.182053126663E+02  0.000000000000E+00
  0.185112783446E+02  0.000000000000E+00
  0.188223861833E+02  0.000000000000E+00
  0.191387226030E+02  0.000000000000E+00
  0.194603754771E+02  0.000000000000E+00
  0.197874341557E+02  0.000000000000E+00
  0.201199894905E+02  0.000000000000E+00
  0.204581338601E+02  0.000000000000E+00
  0.208019611957E+02  0.000000000000E+00
  0.211515670071E+02  0.000000000000E+00
  0.215070484093E+02  0.000000000000E+00
  0.218685041494E+02  0.000000000000E+00
  0.222360346340E+02  0.000000000000E+00
  0.226097419575E+02  0.000000000000E+00
  0.229897299296E+02  0.000000000000E+00
  0.233761041052E+02  0.000000000000E+00
  0.237689718128E+02  0.000000000000E+00
  0.241684421849E+02  0.000000000000E+00
  0.245746261881E+02  0.000000000000E+00
  0.249876366538E+02  0.000000000000E+00
  0.254075883098E+02  0.000000000000E+00
  0.258345978122E+02  0.000000000000E+00
  0.262687837773E+02  0.000000000000E+00
  0.267102668151E+02  0.000000000000E+00
  0.271591695628E+02  0.000000000000E+00
  0.276156167184E+02  0.000000000000E+00
  0.280797350756E+02  0.000000000000E+00
  0.285516535594E+02  0.000000000000E+00
  0.290315032610E+02  0.000000000000E+00
  0.295194174753E+02  0.000000000000E+00
  0.300155317371E+02  0.000000000000E+00
  0.305199838591E+02  0.000000000000E+00
  0.310329139701E+02  0.000000000000E+00
  0.315544645540E+02  0.000000000000E+00
  0.320847804893E+02  0.000000000000E+00
  0.326240090894E+02  0.000000000000E+00
  0.331723001436E+02  0.000000000000E+00
  0.337298059584E+02  0.000000000000E+00
  0.342966814000E+02  0.000000000000E+00
  0.348730839377E+02  0.000000000000E+00
  0.354591736868E+02  0.000000000000E+00
  0.360551134539E+02  0.000000000000E+00
  0.366610687816E+02  0.000000000000E+00
  0.372772079947E+02  0.000000000000E+00
  0.379037022470E+02  0.000000000000E+00
  0.385407255687E+02  0.000000000000E+00
  0.391884549148E+02  0.000000000000E+00
  0.398470702143E+02  0.000000000000E+00
  0.405167544202E+02  0.000000000000E+00
  0.411976935600E+02  0.000000000000E+00
  0.418900767880E+02  0.000000000000E+00
  0.425940964373E+02  0.000000000000E+00
  0.433099480734E+02  0.000000000000E+00
  0.440378305486E+02  0.000000000000E+00
  0.447779460572E+02  0.000000000000E+00
  0.455305001915E+02  0.000000000000E+00
  0.462957019992E+02  0.000000000000E+00
  0.470737640414E+02  0.000000000000E+00
  0.478649024513E+02  0.000000000000E+00
  0.486693369946E+02  0.000000000000E+00
  0.494872911307E+02  0.000000000000E+00
  0.503189920743E+02  0.000000000000E+00
  0.511646708586E+02  0.000000000000E+00
  0.520245624001E+02  0.000000000000E+00
  0.528989055628E+02  0.000000000000E+00
  0.537879432257E+02  0.000000000000E+00
  0.546919223492E+02  0.000000000000E+00
  0.556110940445E+02  0.000000000000E+00
  0.565457136431E+02  0.000000000000E+00
  0.574960407674E+02  0.000000000000E+00
  0.584623394033E+02  0.000000000000E+00
  0.594448779733E+02  0.000000000000E+00
  0.604439294112E+02  0.000000000000E+00
  0.614597712376E+02  0.000000000000E+00
  0.624926856374E+02  0.000000000000E+00
  0.635429595378E+02  0.000000000000E+00
  0.646108846884E+02  0.000000000000E+00
  0.656967577419E+02  0.000000000000E+00
  0.668008803367E+02  0.000000000000E+00
  0.679235591806E+02  0.000000000000E+00
  0.690651061360E+02  0.000000000000E+00
  0.702258383068E+02  0.000000000000E+00
  0.714060781259E+02  0.000000000000E+00
  0.726061534454E+02  0.000000000000E+00
  0.738263976271E+02  0.000000000000E+00
  0.750671496357E+02  0.000000000000E+00
  0.763287541325E+02  0.000000000000E+00
  0.776115615713E+02  0.000000000000E+00
  0.789159282958E+02  0.000000000000E+00
  0.802422166383E+02  0.000000000000E+00
  0.815907950210E+02  0.000000000000E+00
  0.829620380574E+02  0.000000000000E+00
  0.843563266574E+02  0.000000000000E+00
  0.857740481323E+02  0.000000000000E+00
  0.872155963026E+02  0.000000000000E+00
  0.886813716078E+02  0.000000000000E+00
  0.901717812170E+02  0.000000000000E+00
  0.916872391426E+02  0.000000000000E+00
  0.932281663547E+02  0.000000000000E+00
  0.947949908986E+02  0.000000000000E+00
  0.963881480135E+02  0.000000000000E+00
  0.980080802532E+02  0.000000000000E+00
  0.996552376093E+02  0.000000000000E+00
  0.101330077636E+03  0.000000000000E+00
  0.103033065578E+03  0.000000000000E+00
  0.104764674498E+03  0.000000000000E+00
  0.106525385409E+03  0.000000000000E+00
  0.108315687409E+03  0.000000000000E+00
  0.110136077817E+03  0.000000000000E+00
  0.111987062307E+03  0.000000000000E+00
  0.113869155054E+03  0.000000000000E+00
  0.115782878874E+03  0.000000000000E+00
  0.117728765368E+03  0.000000000000E+00
  0.119707355073E+03  0.000000000000E+00
  0.121719197611E+03  0.000000000000E+00
  0.123764851840E+03  0.000000000000E+00
  0.125844886009E+03  0.000000000000E+00
  0.127959877919E+03  0.000000000000E+00
  0.130110415083E+03  0.000000000000E+00
  0.132297094884E+03  0.000000000000E+00
  0.134520524749E+03  0.000000000000E+00
  0.136781322310E+03  0.000000000000E+00
  0.139080115583E+03  0.000000000000E+00
  0.141417543134E+03  0.000000000000E+00
  0.143794254265E+03  0.000000000000E+00
  0.146210909189E+03  0.000000000000E+00
  0.148668179214E+03  0.000000000000E+00
  0.151166746930E+03  0.000000000000E+00
  0.153707306402E+03  0.000000000000E+00
  0.156290563355E+03  0.000000000000E+00
  0.158917235378E+03  0.000000000000E+00
  0.161588052118E+03  0.000000000000E+00
  0.164303755488E+03  0.000000000000E+00
  0.167065099865E+03  0.000000000000E+00
  0.169872852308E+03  0.000000000000E+00
  0.172727792767E+03  0.000000000000E+00
  0.175630714298E+03  0.000000000000E+00
  0.178582423287E+03  0.000000000000E+00
  0.181583739673E+03  0.000000000000E+00
  0.184635497173E+03  0.000000000000E+00
  0.187738543519E+03  0.000000000000E+00
  0.190893740686E+03  0.000000000000E+00
  0.194101965140E+03  0.000000000000E+00
  0.197364108073E+03  0.000000000000E+00
  0.200681075659E+03  0.000000000000E+00
