            2
          529            1
  0.000000000000E+00  0.000000000000E+00
  0.510846319546E-05 -0.102802527863E-09
  0.103027809112E-04 -0.418150081271E-09
  0.155843960465E-04 -0.956760438107E-09
  0.209547757508E-04 -0.172977370620E-08
  0.264154118307E-04 -0.274876763064E-08
  0.319678211647E-04 -0.402577343664E-08
  0.376135461243E-04 -0.557329222630E-08
  0.433541550030E-04 -0.740431194844E-08
  0.491912424510E-04 -0.953232496114E-08
  0.551264299192E-04 -0.119713462074E-07
  0.611613661089E-04 -0.147359320248E-07
  0.672977274301E-04 -0.178411996118E-07
  0.735372184670E-04 -0.213028471715E-07
  0.798815724517E-04 -0.251371747584E-07
  0.863325517456E-04 -0.293611058502E-07
  0.928919483287E-04 -0.339922096710E-07
  0.995615842980E-04 -0.390487242912E-07
  0.106343312373E-03 -0.445495805305E-07
  0.113239016411E-03 -0.505144266918E-07
  0.120250611928E-03 -0.569636541546E-07
  0.127380046637E-03 -0.639184238576E-07
  0.134629300981E-03 -0.714006937003E-07
  0.142000388688E-03 -0.794332468953E-07
  0.149495357331E-03 -0.880397213050E-07
  0.157116288893E-03 -0.972446397948E-07
  0.164865300349E-03 -0.107073441638E-06
  0.172744544251E-03 -0.117552515012E-06
  0.180756209330E-03 -0.128709230613E-06
  0.188902521099E-03 -0.140571976442E-06
  0.197185742474E-03 -0.153170193793E-06
  0.205608174405E-03 -0.166534414483E-06
  0.214172156510E-03 -0.180696299370E-06
  0.222880067727E-03 -0.195688678209E-06
  0.231734326977E-03 -0.211545590877E-06
  0.240737393834E-03 -0.228302330030E-06
  0.249891769206E-03 -0.245995485224E-06
  0.259199996036E-03 -0.264662988572E-06
  0.268664660001E-03 -0.284344161966E-06
  0.278288390236E-03 -0.305079765931E-06
  0.288073860060E-03 -0.326912050172E-06
  0.298023787723E-03 -0.349884805850E-06
  0.308140937158E-03 -0.374043419676E-06
  0.318428118749E-03 -0.399434929856E-06
  0.328888190112E-03 -0.426108083974E-06
  0.339524056891E-03 -0.454113398860E-06
  0.350338673561E-03 -0.483503222526E-06
  0.361335044251E-03 -0.514331798233E-06
  0.372516223580E-03 -0.546655330762E-06
  0.383885317504E-03 -0.580532054964E-06
  0.395445484175E-03 -0.616022306674E-06
  0.407199934828E-03 -0.653188596056E-06
  0.419151934661E-03 -0.692095683475E-06
  0.431304803753E-03 -0.732810657978E-06
  0.443661917977E-03 -0.775403018467E-06
  0.456226709946E-03 -0.819944757669E-06
  0.469002669960E-03 -0.866510448979E-06
  0.481993346979E-03 -0.915177336300E-06
  0.495202349607E-03 -0.966025426955E-06
  0.508633347098E-03 -0.101913758780E-05
  0.522290070371E-03 -0.107459964461E-05
  0.536176313046E-03 -0.113250048492E-05
  0.550295932504E-03 -0.119293216437E-05
  0.564652850951E-03 -0.125599001667E-05
  0.579251056513E-03 -0.132177276738E-05
  0.594094604341E-03 -0.139038265156E-05
  0.609187617738E-03 -0.146192553552E-05
  0.624534289304E-03 -0.153651104259E-05
  0.640138882103E-03 -0.161425268341E-05
  0.656005730845E-03 -0.169526799049E-05
  0.672139243088E-03 -0.177967865751E-05
  0.688543900468E-03 -0.186761068330E-05
  0.705224259940E-03 -0.195919452085E-05
  0.722184955045E-03 -0.205456523132E-05
  0.739430697195E-03 -0.215386264339E-05
  0.756966276985E-03 -0.225723151801E-05
  0.774796565523E-03 -0.236482171888E-05
  0.792926515781E-03 -0.247678838861E-05
  0.811361163972E-03 -0.259329213110E-05
  0.830105630952E-03 -0.271449919996E-05
  0.849165123637E-03 -0.284058169355E-05
  0.868544936453E-03 -0.297171775653E-05
  0.888250452805E-03 -0.310809178845E-05
  0.908287146576E-03 -0.324989465936E-05
  0.928660583643E-03 -0.339732393281E-05
  0.949376423424E-03 -0.355058409653E-05
  0.970440420452E-03 -0.370988680094E-05
  0.991858425974E-03 -0.387545110578E-05
  0.101363638957E-02 -0.404750373526E-05
  0.103578036082E-02 -0.422627934182E-05
  0.105829649097E-02 -0.441202077897E-05
  0.108119103464E-02 -0.460497938340E-05
  0.110447035157E-02 -0.480541526679E-05
  0.112814090840E-02 -0.501359761747E-05
  0.115220928042E-02 -0.522980501248E-05
  0.117668215346E-02 -0.545432574024E-05
  0.120156632569E-02 -0.568745813421E-05
  0.122686870953E-02 -0.592951091799E-05
  0.125259633360E-02 -0.618080356213E-05
  0.127875634462E-02 -0.644166665315E-05
  0.130535600943E-02 -0.671244227517E-05
  0.133240271699E-02 -0.699348440448E-05
  0.135990398045E-02 -0.728515931763E-05
  0.138786743924E-02 -0.758784601344E-05
  0.141630086115E-02 -0.790193664934E-05
  0.144521214454E-02 -0.822783699263E-05
  0.147460932052E-02 -0.856596688713E-05
  0.150450055514E-02 -0.891676073571E-05
  0.153489415174E-02 -0.928066799927E-05
  0.156579855315E-02 -0.965815371273E-05
  0.159722234415E-02 -0.100496990186E-04
  0.162917425376E-02 -0.104558017188E-04
  0.166166315772E-02 -0.108769768449E-04
  0.169469808094E-02 -0.113137572488E-04
  0.172828819999E-02 -0.117666942119E-04
  0.176244284567E-02 -0.122363580768E-04
  0.179717150562E-02 -0.127233388989E-04
  0.183248382690E-02 -0.132282471216E-04
  0.186838961872E-02 -0.137517142735E-04
  0.190489885514E-02 -0.142943936897E-04
  0.194202167784E-02 -0.148569612577E-04
  0.197976839897E-02 -0.154401161887E-04
  0.201814950397E-02 -0.160445818148E-04
  0.205717565450E-02 -0.166711064139E-04
  0.209685769141E-02 -0.173204640625E-04
  0.213720663774E-02 -0.179934555168E-04
  0.217823370179E-02 -0.186909091252E-04
  0.221995028024E-02 -0.194136817704E-04
  0.226236796128E-02 -0.201626598448E-04
  0.230549852789E-02 -0.209387602578E-04
  0.234935396105E-02 -0.217429314787E-04
  0.239394644311E-02 -0.225761546140E-04
  0.243928836116E-02 -0.234394445219E-04
  0.248539231046E-02 -0.243338509650E-04
  0.253227109796E-02 -0.252604598009E-04
  0.257993774586E-02 -0.262203942150E-04
  0.262840549518E-02 -0.272148159942E-04
  0.267768780952E-02 -0.282449268438E-04
  0.272779837871E-02 -0.293119697498E-04
  0.277875112269E-02 -0.304172303873E-04
  0.283056019531E-02 -0.315620385762E-04
  0.288323998833E-02 -0.327477697875E-04
  0.293680513535E-02 -0.339758466998E-04
  0.299127051593E-02 -0.352477408091E-04
  0.304665125969E-02 -0.365649740935E-04
  0.310296275053E-02 -0.379291207342E-04
  0.316022063089E-02 -0.393418088949E-04
  0.321844080610E-02 -0.408047225621E-04
  0.327763944881E-02 -0.423196034476E-04
  0.333783300347E-02 -0.438882529557E-04
  0.339903819090E-02 -0.455125342172E-04
  0.346127201292E-02 -0.471943741928E-04
  0.352455175712E-02 -0.489357658472E-04
  0.358889500161E-02 -0.507387703984E-04
  0.365431961993E-02 -0.526055196419E-04
  0.372084378599E-02 -0.545382183549E-04
  0.378848597917E-02 -0.565391467815E-04
  0.385726498940E-02 -0.586106632030E-04
  0.392719992239E-02 -0.607552065949E-04
  0.399831020498E-02 -0.629752993742E-04
  0.407061559046E-02 -0.652735502404E-04
  0.414413616415E-02 -0.676526571125E-04
  0.421889234888E-02 -0.701154101659E-04
  0.429490491076E-02 -0.726646949727E-04
  0.437219496486E-02 -0.753034957481E-04
  0.445078398115E-02 -0.780348987071E-04
  0.453069379041E-02 -0.808620955359E-04
  0.461194659032E-02 -0.837883869798E-04
  0.469456495164E-02 -0.868171865543E-04
  0.477857182443E-02 -0.899520243811E-04
  0.486399054448E-02 -0.931965511546E-04
  0.495084483977E-02 -0.965545422436E-04
  0.503915883703E-02 -0.100029901931E-03
  0.512895706851E-02 -0.103626667799E-03
  0.522026447874E-02 -0.107349015261E-03
  0.531310643146E-02 -0.111201262249E-03
  0.540750871672E-02 -0.115187874060E-03
  0.550349755798E-02 -0.119313468366E-03
  0.560109961941E-02 -0.123582820393E-03
  0.570034201334E-02 -0.128000868278E-03
  0.580125230773E-02 -0.132572718607E-03
  0.590385853386E-02 -0.137303652141E-03
  0.600818919413E-02 -0.142199129733E-03
  0.611427326994E-02 -0.147264798451E-03
  0.622214022979E-02 -0.152506497905E-03
  0.633182003739E-02 -0.157930266789E-03
  0.644334316008E-02 -0.163542349648E-03
  0.655674057722E-02 -0.169349203867E-03
  0.667204378881E-02 -0.175357506906E-03
  0.678928482427E-02 -0.181574163776E-03
  0.690849625131E-02 -0.188006314764E-03
  0.702971118498E-02 -0.194661343429E-03
  0.715296329687E-02 -0.201546884863E-03
  0.727828682447E-02 -0.208670834233E-03
  0.740571658069E-02 -0.216041355612E-03
  0.753528796348E-02 -0.223666891112E-03
  0.766703696575E-02 -0.231556170322E-03
  0.780100018528E-02 -0.239718220071E-03
  0.793721483493E-02 -0.248162374518E-03
  0.807571875299E-02 -0.256898285582E-03
  0.821655041365E-02 -0.265935933736E-03
  0.835974893773E-02 -0.275285639148E-03
  0.850535410352E-02 -0.284958073219E-03
  0.865340635783E-02 -0.294964270499E-03
  0.880394682725E-02 -0.305315641012E-03
  0.895701732952E-02 -0.316023982994E-03
  0.911266038523E-02 -0.327101496067E-03
  0.927091922956E-02 -0.338560794858E-03
  0.943183782431E-02 -0.350414923076E-03
  0.959546087013E-02 -0.362677368067E-03
  0.976183381892E-02 -0.375362075863E-03
  0.993100288645E-02 -0.388483466741E-03
  0.101030150652E-01 -0.402056451302E-03
  0.102779181375E-01 -0.416096447105E-03
  0.104557606886E-01 -0.430619395852E-03
  0.106365921204E-01 -0.445641781160E-03
  0.108204626649E-01 -0.461180646938E-03
  0.110074233986E-01 -0.477253616378E-03
  0.111975262561E-01 -0.493878911591E-03
  0.113908240451E-01 -0.511075373909E-03
  0.115873704606E-01 -0.528862484868E-03
  0.117872201000E-01 -0.547260387910E-03
  0.119904284786E-01 -0.566289910803E-03
  0.121970520442E-01 -0.585972588838E-03
  0.124071481938E-01 -0.606330688789E-03
  0.126207752887E-01 -0.627387233701E-03
  0.128379926712E-01 -0.649166028501E-03
  0.130588606807E-01 -0.671691686485E-03
  0.132834406709E-01 -0.694989656687E-03
  0.135117950267E-01 -0.719086252184E-03
  0.137439871812E-01 -0.744008679352E-03
  0.139800816338E-01 -0.769785068104E-03
  0.142201439678E-01 -0.796444503155E-03
  0.144642408686E-01 -0.824017056337E-03
  0.147124401427E-01 -0.852533820012E-03
  0.149648107357E-01 -0.882026941597E-03
  0.152214227523E-01 -0.912529659268E-03
  0.154823474752E-01 -0.944076338858E-03
  0.157476573852E-01 -0.976702512001E-03
  0.160174261812E-01 -0.101044491556E-02
  0.162917288008E-01 -0.104534153239E-02
  0.165706414408E-01 -0.108143163347E-02
  0.168542415787E-01 -0.111875582142E-02
  0.171426079943E-01 -0.115735607555E-02
  0.174358207911E-01 -0.119727579838E-02
  0.177339614191E-01 -0.123855986373E-02
  0.180371126970E-01 -0.128125466642E-02
  0.183453588353E-01 -0.132540817365E-02
  0.186587854602E-01 -0.137106997812E-02
  0.189774796364E-01 -0.141829135292E-02
  0.193015298923E-01 -0.146712530825E-02
  0.196310262438E-01 -0.151762665009E-02
  0.199660602199E-01 -0.156985204074E-02
  0.203067248877E-01 -0.162386006155E-02
  0.206531148784E-01 -0.167971127760E-02
  0.210053264137E-01 -0.173746830461E-02
  0.213634573325E-01 -0.179719587811E-02
  0.217276071178E-01 -0.185896092493E-02
  0.220978769247E-01 -0.192283263701E-02
  0.224743696084E-01 -0.198888254776E-02
  0.228571897524E-01 -0.205718461094E-02
  0.232464436983E-01 -0.212781528221E-02
  0.236422395746E-01 -0.220085360331E-02
  0.240446873271E-01 -0.227638128919E-02
  0.244538987496E-01 -0.235448281793E-02
  0.248699875144E-01 -0.243524552372E-02
  0.252930692045E-01 -0.251875969294E-02
  0.257232613452E-01 -0.260511866340E-02
  0.261606834372E-01 -0.269441892693E-02
  0.266054569893E-01 -0.278676023535E-02
  0.270577055528E-01 -0.288224571002E-02
  0.275175547550E-01 -0.298098195493E-02
  0.279851323348E-01 -0.308307917366E-02
  0.284605681779E-01 -0.318865129012E-02
  0.289439943529E-01 -0.329781607340E-02
  0.294355451479E-01 -0.341069526664E-02
  0.299353571080E-01 -0.352741472027E-02
  0.304435690729E-01 -0.364810452956E-02
  0.309603222161E-01 -0.377289917684E-02
  0.314857600833E-01 -0.390193767829E-02
  0.320200286330E-01 -0.403536373563E-02
  0.325632762763E-01 -0.417332589284E-02
  0.331156539191E-01 -0.431597769798E-02
  0.336773150030E-01 -0.446347787037E-02
  0.342484155487E-01 -0.461599047325E-02
  0.348291141988E-01 -0.477368509208E-02
  0.354195722623E-01 -0.493673701877E-02
  0.360199537590E-01 -0.510532744184E-02
  0.366304254656E-01 -0.527964364287E-02
  0.372511569614E-01 -0.545987919930E-02
  0.378823206757E-01 -0.564623419393E-02
  0.385240919360E-01 -0.583891543116E-02
  0.391766490161E-01 -0.603813666031E-02
  0.398401731861E-01 -0.624411880618E-02
  0.405148487625E-01 -0.645709020710E-02
  0.412008631595E-01 -0.667728686064E-02
  0.418984069412E-01 -0.690495267730E-02
  0.426076738741E-01 -0.714033974240E-02
  0.433288609814E-01 -0.738370858633E-02
  0.440621685975E-01 -0.763532846359E-02
  0.448078004237E-01 -0.789547764066E-02
  0.455659635847E-01 -0.816444369322E-02
  0.463368686863E-01 -0.844252381272E-02
  0.471207298737E-01 -0.873002512287E-02
  0.479177648911E-01 -0.902726500606E-02
  0.487281951425E-01 -0.933457144023E-02
  0.495522457524E-01 -0.965228334636E-02
  0.503901456291E-01 -0.998075094696E-02
  0.512421275279E-01 -0.103203361358E-01
  0.521084281160E-01 -0.106714128593E-01
  0.529892880380E-01 -0.110343675097E-01
  0.538849519829E-01 -0.114095993310E-01
  0.547956687520E-01 -0.117975208366E-01
  0.557216913280E-01 -0.121985582412E-01
  0.566632769453E-01 -0.126131519045E-01
  0.576206871616E-01 -0.130417567899E-01
  0.585941879303E-01 -0.134848429368E-01
  0.595840496746E-01 -0.139428959467E-01
  0.605905473624E-01 -0.144164174856E-01
  0.616139605828E-01 -0.149059257998E-01
  0.626545736240E-01 -0.154119562487E-01
  0.637126755517E-01 -0.159350618531E-01
  0.647885602900E-01 -0.164758138597E-01
  0.658825267027E-01 -0.170348023225E-01
  0.669948786764E-01 -0.176126367018E-01
  0.681259252048E-01 -0.182099464803E-01
  0.692759804748E-01 -0.188273817976E-01
  0.704453639537E-01 -0.194656141026E-01
  0.716344004777E-01 -0.201253368258E-01
  0.728434203424E-01 -0.208072660698E-01
  0.740727593943E-01 -0.215121413198E-01
  0.753227591245E-01 -0.222407261750E-01
  0.765937667631E-01 -0.229938090993E-01
  0.778861353761E-01 -0.237722041937E-01
  0.792002239629E-01 -0.245767519899E-01
  0.805363975567E-01 -0.254083202657E-01
  0.818950273254E-01 -0.262678048820E-01
  0.832764906748E-01 -0.271561306429E-01
  0.846811713537E-01 -0.280742521784E-01
  0.861094595601E-01 -0.290231548501E-01
  0.875617520501E-01 -0.300038556808E-01
  0.890384522474E-01 -0.310174043076E-01
  0.905399703562E-01 -0.320648839590E-01
  0.920667234743E-01 -0.331474124569E-01
  0.936191357098E-01 -0.342661432427E-01
  0.951976382982E-01 -0.354222664279E-01
  0.968026697226E-01 -0.366170098710E-01
  0.984346758355E-01 -0.378516402777E-01
  0.100094109982E+00 -0.391274643273E-01
  0.101781433127E+00 -0.404458298246E-01
  0.103497113983E+00 -0.418081268756E-01
  0.105241629138E+00 -0.432157890897E-01
  0.107015463191E+00 -0.446702948059E-01
  0.108819108885E+00 -0.461731683440E-01
  0.110653067244E+00 -0.477259812805E-01
  0.112517847714E+00 -0.493303537477E-01
  0.114413968300E+00 -0.509879557570E-01
  0.116341955715E+00 -0.527005085450E-01
  0.118302345524E+00 -0.544697859416E-01
  0.120295682291E+00 -0.562976157596E-01
  0.122322519735E+00 -0.581858812051E-01
  0.124383420879E+00 -0.601365223068E-01
  0.126478958208E+00 -0.621515373636E-01
  0.128609713830E+00 -0.642329844089E-01
  0.130776279634E+00 -0.663829826901E-01
  0.132979257460E+00 -0.686037141613E-01
  0.135219259258E+00 -0.708974249875E-01
  0.137496907267E+00 -0.732664270574E-01
  0.139812834181E+00 -0.757130995035E-01
  0.142167683328E+00 -0.782398902253E-01
  0.144562108847E+00 -0.808493174140E-01
  0.146996775873E+00 -0.835439710741E-01
  0.149472360717E+00 -0.863265145392E-01
  0.151989551058E+00 -0.891996859772E-01
  0.154549046132E+00 -0.921662998814E-01
  0.157151556925E+00 -0.952292485416E-01
  0.159797806375E+00 -0.983915034905E-01
  0.162488529567E+00 -0.101656116920E+00
  0.165224473942E+00 -0.105026223061E+00
  0.168006399502E+00 -0.108505039518E+00
  0.170835079022E+00 -0.112095868555E+00
  0.173711298265E+00 -0.115802098323E+00
  0.176635856199E+00 -0.119627204016E+00
  0.179609565219E+00 -0.123574748954E+00
  0.182633251376E+00 -0.127648385578E+00
  0.185707754601E+00 -0.131851856346E+00
  0.188833928944E+00 -0.136188994523E+00
  0.192012642805E+00 -0.140663724841E+00
  0.195244779181E+00 -0.145280064030E+00
  0.198531235910E+00 -0.150042121196E+00
  0.201872925916E+00 -0.154954098031E+00
  0.205270777468E+00 -0.160020288838E+00
  0.208725734436E+00 -0.165245080360E+00
  0.212238756552E+00 -0.170632951377E+00
  0.215810819679E+00 -0.176188472070E+00
  0.219442916078E+00 -0.181916303113E+00
  0.223136054690E+00 -0.187821194478E+00
  0.226891261409E+00 -0.193907983921E+00
  0.230709579374E+00 -0.200181595131E+00
  0.234592069251E+00 -0.206647035496E+00
  0.238539809536E+00 -0.213309393472E+00
  0.242553896849E+00 -0.220173835509E+00
  0.246635446239E+00 -0.227245602505E+00
  0.250785591496E+00 -0.234530005744E+00
  0.255005485466E+00 -0.242032422274E+00
  0.259296300369E+00 -0.249758289702E+00
  0.263659228124E+00 -0.257713100323E+00
  0.268095480684E+00 -0.265902394572E+00
  0.272606290371E+00 -0.274331753716E+00
  0.277192910215E+00 -0.283006791753E+00
  0.281856614308E+00 -0.291933146435E+00
  0.286598698153E+00 -0.301116469377E+00
  0.291420479026E+00 -0.310562415161E+00
  0.296323296341E+00 -0.320276629391E+00
  0.301308512023E+00 -0.330264735588E+00
  0.306377510888E+00 -0.340532320885E+00
  0.311531701022E+00 -0.351084920407E+00
  0.316772514178E+00 -0.361928000264E+00
  0.322101406172E+00 -0.373066939055E+00
  0.327519857285E+00 -0.384507007790E+00
  0.333029372678E+00 -0.396253348121E+00
  0.338631482807E+00 -0.408310948779E+00
  0.344327743849E+00 -0.420684620086E+00
  0.350119738137E+00 -0.433378966445E+00
  0.356009074594E+00 -0.446398356654E+00
  0.361997389185E+00 -0.459746891936E+00
  0.368086345370E+00 -0.473428371523E+00
  0.374277634564E+00 -0.487446255662E+00
  0.380572976610E+00 -0.501803625885E+00
  0.386974120254E+00 -0.516503142379E+00
  0.393482843633E+00 -0.531546998306E+00
  0.400100954768E+00 -0.546936870875E+00
  0.406830292065E+00 -0.562673869011E+00
  0.413672724828E+00 -0.578758477413E+00
  0.420630153776E+00 -0.595190496832E+00
  0.427704511574E+00 -0.611968980342E+00
  0.434897763366E+00 -0.629092165422E+00
  0.442211907325E+00 -0.646557401625E+00
  0.449648975203E+00 -0.664361073622E+00
  0.457211032902E+00 -0.682498519391E+00
  0.464900181040E+00 -0.700963943340E+00
  0.472718555543E+00 -0.719750324114E+00
  0.480668328230E+00 -0.738849316867E+00
  0.488751707424E+00 -0.758251149756E+00
  0.496970938559E+00 -0.777944514417E+00
  0.505328304808E+00 -0.797916450193E+00
  0.513826127715E+00 -0.818152221869E+00
  0.522466767842E+00 -0.838635190683E+00
  0.531252625421E+00 -0.859346678384E+00
  0.540186141026E+00 -0.880265824106E+00
  0.549269796245E+00 -0.901369433853E+00
  0.558506114375E+00 -0.922631822372E+00
  0.567897661119E+00 -0.944024647235E+00
  0.577447045301E+00 -0.965516734938E+00
  0.587156919588E+00 -0.987073898874E+00
  0.597029981230E+00 -0.100865874901E+01
  0.607068972808E+00 -0.103023049317E+01
  0.617276682996E+00 -0.105174472988E+01
  0.627655947333E+00 -0.107315323256E+01
  0.638209649016E+00 -0.109440372530E+01
  0.648940719696E+00 -0.111543964997E+01
  0.659852140296E+00 -0.113619992487E+01
  0.670946941835E+00 -0.115661869503E+01
  0.682228206274E+00 -0.117662507429E+01
  0.693699067371E+00 -0.119614287926E+01
  0.705362711549E+00 -0.121509035572E+01
  0.717222378785E+00 -0.123337989741E+01
  0.729281363506E+00 -0.125091775801E+01
  0.741543015509E+00 -0.126760375641E+01
  0.754010740886E+00 -0.128333097607E+01
  0.766688002976E+00 -0.129798545896E+01
  0.779578323320E+00 -0.131144589476E+01
  0.792685282647E+00 -0.132358330609E+01
  0.806012521863E+00 -0.133426073056E+01
  0.819563743064E+00 -0.134333290046E+01
  0.833342710566E+00 -0.135064592109E+01
  0.847353251947E+00 -0.135603694853E+01
  0.861599259117E+00 -0.135933386794E+01
  0.876084689389E+00 -0.136035497319E+01
  0.890813566589E+00 -0.135890864881E+01
  0.905789982164E+00 -0.135479305511E+01
  0.921018096329E+00 -0.134779581706E+01
  0.936502139210E+00 -0.133769371764E+01
  0.952246412033E+00 -0.132425239592E+01
  0.968255288305E+00 -0.130722604983E+01
  0.984533215042E+00 -0.128635714348E+01
  0.100108471399E+01 -0.126137611801E+01
  0.101791438290E+01 -0.123200110470E+01
  0.103502689679E+01 -0.119793763831E+01
  0.105242700924E+01 -0.115887836754E+01
  0.107011955373E+01 -0.111450275878E+01
  0.108810944497E+01 -0.106447678811E+01
  0.110640168026E+01 -0.100845261488E+01
  0.112500134090E+01 -0.946068228970E+00
  0.114391359358E+01 -0.876947061693E+00
  0.116314369183E+01 -0.800697548591E+00
  0.118269697747E+01 -0.716912629746E+00
  0.120257888208E+01 -0.625169170916E+00
  0.122279492855E+01 -0.525027285907E+00
  0.124335073258E+01 -0.416029537623E+00
  0.126425200424E+01 -0.297699991982E+00
  0.128550454958E+01 -0.169543095577E+00
  0.130711427221E+01 -0.310423445459E-01
  0.132908717499E+01  0.118341291223E+00
  0.135142936163E+01  0.279171227523E+00
  0.137414703843E+01  0.452037450522E+00
  0.139724651603E+01  0.637559070219E+00
  0.142073421107E+01  0.836387286949E+00
  0.144461664807E+01  0.104920881429E+01
  0.146890046121E+01  0.127674979850E+01
  0.149359239612E+01  0.151978026833E+01
  0.151869931186E+01  0.177911843260E+01
  0.154422818271E+01  0.205563424382E+01
  0.157018610021E+01  0.235024196185E+01
  0.159658027504E+01  0.266390577819E+01
  0.162341803909E+01  0.299764583432E+01
  0.165070684748E+01  0.335254623363E+01
  0.167845428059E+01  0.372976428586E+01
  0.170666804623E+01  0.413053971259E+01
  0.173535598174E+01  0.455620130369E+01
  0.176452605617E+01  0.500816733953E+01
  0.179418637251E+01  0.548793611127E+01
  0.182434516992E+01  0.599706565725E+01
  0.185501082605E+01  0.653714778078E+01
  0.188619185932E+01  0.710978715058E+01
  0.191789693135E+01  0.771659582482E+01
  0.195013484928E+01  0.835920532594E+01
  0.198291456832E+01  0.903928922933E+01
  0.201624519415E+01  0.975858651118E+01
          529            1
  0.000000000000E+00  0.000000000000E+00
  0.510846319546E-05 -0.228690228406E-09
  0.103027809112E-04 -0.930199048615E-09
  0.155843960465E-04 -0.212836805255E-08
  0.209547757508E-04 -0.384797776475E-08
  0.264154118307E-04 -0.611478162668E-08
  0.319678211647E-04 -0.895554116560E-08
  0.376135461243E-04 -0.123980623902E-07
  0.433541550030E-04 -0.164712334551E-07
  0.491912424510E-04 -0.212050636373E-07
  0.551264299192E-04 -0.266307236703E-07
  0.611613661089E-04 -0.327805874816E-07
  0.672977274301E-04 -0.396882753828E-07
  0.735372184670E-04 -0.473886987604E-07
  0.798815724517E-04 -0.559181063211E-07
  0.863325517456E-04 -0.653141319417E-07
  0.928919483287E-04 -0.756158441822E-07
  0.995615842980E-04 -0.868637975161E-07
  0.106343312373E-03 -0.991000853376E-07
  0.113239016411E-03 -0.112368394808E-06
  0.120250611928E-03 -0.126714063600E-06
  0.127380046637E-03 -0.142184138613E-06
  0.134629300981E-03 -0.158827436715E-06
  0.142000388688E-03 -0.176694607593E-06
  0.149495357331E-03 -0.195838198773E-06
  0.157116288893E-03 -0.216312722892E-06
  0.164865300349E-03 -0.238174727293E-06
  0.172744544251E-03 -0.261482866030E-06
  0.180756209330E-03 -0.286297974352E-06
  0.188902521099E-03 -0.312683145766E-06
  0.197185742474E-03 -0.340703811758E-06
  0.205608174405E-03 -0.370427824263E-06
  0.214172156510E-03 -0.401925540981E-06
  0.222880067727E-03 -0.435269913634E-06
  0.231734326977E-03 -0.470536579264E-06
  0.240737393834E-03 -0.507803954681E-06
  0.249891769206E-03 -0.547153334155E-06
  0.259199996036E-03 -0.588668990479E-06
  0.268664660001E-03 -0.632438279508E-06
  0.278288390236E-03 -0.678551748297E-06
  0.288073860060E-03 -0.727103246949E-06
  0.298023787723E-03 -0.778190044322E-06
  0.308140937158E-03 -0.831912947701E-06
  0.318428118749E-03 -0.888376426589E-06
  0.328888190112E-03 -0.947688740747E-06
  0.339524056891E-03 -0.100996207263E-05
  0.350338673561E-03 -0.107531266437E-05
  0.361335044251E-03 -0.114386095945E-05
  0.372516223580E-03 -0.121573174926E-05
  0.383885317504E-03 -0.129105432468E-05
  0.395445484175E-03 -0.136996263278E-05
  0.407199934828E-03 -0.145259543903E-05
  0.419151934661E-03 -0.153909649494E-05
  0.431304803753E-03 -0.162961471151E-05
  0.443661917977E-03 -0.172430433862E-05
  0.456226709946E-03 -0.182332515049E-05
  0.469002669960E-03 -0.192684263758E-05
  0.481993346979E-03 -0.203502820499E-05
  0.495202349607E-03 -0.214805937766E-05
  0.508633347098E-03 -0.226612001261E-05
  0.522290070371E-03 -0.238940051838E-05
  0.536176313046E-03 -0.251809808201E-05
  0.550295932504E-03 -0.265241690377E-05
  0.564652850951E-03 -0.279256843988E-05
  0.579251056513E-03 -0.293877165354E-05
  0.594094604341E-03 -0.309125327449E-05
  0.609187617738E-03 -0.325024806746E-05
  0.624534289304E-03 -0.341599910979E-05
  0.640138882103E-03 -0.358875807844E-05
  0.656005730845E-03 -0.376878554685E-05
  0.672139243088E-03 -0.395635129190E-05
  0.688543900468E-03 -0.415173461131E-05
  0.705224259940E-03 -0.435522465185E-05
  0.722184955045E-03 -0.456712074877E-05
  0.739430697195E-03 -0.478773277667E-05
  0.756966276985E-03 -0.501738151246E-05
  0.774796565523E-03 -0.525639901054E-05
  0.792926515781E-03 -0.550512899081E-05
  0.811361163972E-03 -0.576392723983E-05
  0.830105630952E-03 -0.603316202562E-05
  0.849165123637E-03 -0.631321452661E-05
  0.868544936453E-03 -0.660447927507E-05
  0.888250452805E-03 -0.690736461568E-05
  0.908287146576E-03 -0.722229317963E-05
  0.928660583643E-03 -0.754970237477E-05
  0.949376423424E-03 -0.789004489253E-05
  0.970440420452E-03 -0.824378923185E-05
  0.991858425974E-03 -0.861142024105E-05
  0.101363638957E-02 -0.899343967796E-05
  0.103578036082E-02 -0.939036678912E-05
  0.105829649097E-02 -0.980273890849E-05
  0.108119103464E-02 -0.102311120766E-04
  0.110447035157E-02 -0.106760616806E-04
  0.112814090840E-02 -0.111381831159E-04
  0.115220928042E-02 -0.116180924704E-04
  0.117668215346E-02 -0.121164272315E-04
  0.120156632569E-02 -0.126338470179E-04
  0.122686870953E-02 -0.131710343348E-04
  0.125259633360E-02 -0.137286953560E-04
  0.127875634462E-02 -0.143075607316E-04
  0.130535600943E-02 -0.149083864231E-04
  0.133240271699E-02 -0.155319545674E-04
  0.135990398045E-02 -0.161790743687E-04
  0.138786743924E-02 -0.168505830221E-04
  0.141630086115E-02 -0.175473466671E-04
  0.144521214454E-02 -0.182702613736E-04
  0.147460932052E-02 -0.190202541621E-04
  0.150450055514E-02 -0.197982840567E-04
  0.153489415174E-02 -0.206053431753E-04
  0.156579855315E-02 -0.214424578549E-04
  0.159722234415E-02 -0.223106898167E-04
  0.162917425376E-02 -0.232111373687E-04
  0.166166315772E-02 -0.241449366500E-04
  0.169469808094E-02 -0.251132629164E-04
  0.172828819999E-02 -0.261173318697E-04
  0.176244284567E-02 -0.271584010316E-04
  0.179717150562E-02 -0.282377711637E-04
  0.183248382690E-02 -0.293567877355E-04
  0.186838961872E-02 -0.305168424416E-04
  0.190489885514E-02 -0.317193747703E-04
  0.194202167784E-02 -0.329658736241E-04
  0.197976839897E-02 -0.342578789960E-04
  0.201814950397E-02 -0.355969837009E-04
  0.205717565450E-02 -0.369848351655E-04
  0.209685769141E-02 -0.384231372789E-04
  0.213720663774E-02 -0.399136523044E-04
  0.217823370179E-02 -0.414582028563E-04
  0.221995028024E-02 -0.430586739424E-04
  0.226236796128E-02 -0.447170150755E-04
  0.230549852789E-02 -0.464352424550E-04
  0.234935396105E-02 -0.482154412228E-04
  0.239394644311E-02 -0.500597677935E-04
  0.243928836116E-02 -0.519704522634E-04
  0.248539231046E-02 -0.539498009001E-04
  0.253227109796E-02 -0.560001987153E-04
  0.257993774586E-02 -0.581241121237E-04
  0.262840549518E-02 -0.603240916912E-04
  0.267768780952E-02 -0.626027749740E-04
  0.272779837871E-02 -0.649628894540E-04
  0.277875112269E-02 -0.674072555716E-04
  0.283056019531E-02 -0.699387898592E-04
  0.288323998833E-02 -0.725605081805E-04
  0.293680513535E-02 -0.752755290775E-04
  0.299127051593E-02 -0.780870772285E-04
  0.304665125969E-02 -0.809984870226E-04
  0.310296275053E-02 -0.840132062526E-04
  0.316022063089E-02 -0.871347999313E-04
  0.321844080610E-02 -0.903669542346E-04
  0.327763944881E-02 -0.937134805767E-04
  0.333783300347E-02 -0.971783198199E-04
  0.339903819090E-02 -0.100765546626E-03
  0.346127201292E-02 -0.104479373949E-03
  0.352455175712E-02 -0.108324157685E-03
  0.358889500161E-02 -0.112304401464E-03
  0.365431961993E-02 -0.116424761615E-03
  0.372084378599E-02 -0.120690052285E-03
  0.378848597917E-02 -0.125105250734E-03
  0.385726498940E-02 -0.129675502804E-03
  0.392719992239E-02 -0.134406128567E-03
  0.399831020498E-02 -0.139302628166E-03
  0.407061559046E-02 -0.144370687841E-03
  0.414413616415E-02 -0.149616186167E-03
  0.421889234888E-02 -0.155045200482E-03
  0.429490491076E-02 -0.160664013543E-03
  0.437219496486E-02 -0.166479120395E-03
  0.445078398115E-02 -0.172497235464E-03
  0.453069379041E-02 -0.178725299893E-03
  0.461194659032E-02 -0.185170489112E-03
  0.469456495164E-02 -0.191840220662E-03
  0.477857182443E-02 -0.198742162279E-03
  0.486399054448E-02 -0.205884240236E-03
  0.495084483977E-02 -0.213274647969E-03
  0.503915883703E-02 -0.220921854986E-03
  0.512895706851E-02 -0.228834616059E-03
  0.522026447874E-02 -0.237021980736E-03
  0.531310643146E-02 -0.245493303147E-03
  0.540750871672E-02 -0.254258252145E-03
  0.550349755798E-02 -0.263326821777E-03
  0.560109961941E-02 -0.272709342093E-03
  0.570034201334E-02 -0.282416490317E-03
  0.580125230773E-02 -0.292459302380E-03
  0.590385853386E-02 -0.302849184831E-03
  0.600818919413E-02 -0.313597927138E-03
  0.611427326994E-02 -0.324717714393E-03
  0.622214022979E-02 -0.336221140428E-03
  0.633182003739E-02 -0.348121221363E-03
  0.644334316008E-02 -0.360431409598E-03
  0.655674057722E-02 -0.373165608252E-03
  0.667204378881E-02 -0.386338186085E-03
  0.678928482427E-02 -0.399963992898E-03
  0.690849625131E-02 -0.414058375433E-03
  0.702971118498E-02 -0.428637193796E-03
  0.715296329687E-02 -0.443716838408E-03
  0.727828682447E-02 -0.459314247510E-03
  0.740571658069E-02 -0.475446925234E-03
  0.753528796348E-02 -0.492132960258E-03
  0.766703696575E-02 -0.509391045068E-03
  0.780100018528E-02 -0.527240495845E-03
  0.793721483493E-02 -0.545701272983E-03
  0.807571875299E-02 -0.564794002288E-03
  0.821655041365E-02 -0.584539996845E-03
  0.835974893773E-02 -0.604961279598E-03
  0.850535410352E-02 -0.626080606655E-03
  0.865340635783E-02 -0.647921491343E-03
  0.880394682725E-02 -0.670508229036E-03
  0.895701732952E-02 -0.693865922779E-03
  0.911266038523E-02 -0.718020509735E-03
  0.927091922956E-02 -0.742998788483E-03
  0.943183782431E-02 -0.768828447183E-03
  0.959546087013E-02 -0.795538092642E-03
  0.976183381892E-02 -0.823157280317E-03
  0.993100288645E-02 -0.851716545267E-03
  0.101030150652E-01 -0.881247434089E-03
  0.102779181375E-01 -0.911782537883E-03
  0.104557606886E-01 -0.943355526250E-03
  0.106365921204E-01 -0.976001182379E-03
  0.108204626649E-01 -0.100975543924E-02
  0.110074233986E-01 -0.104465541695E-02
  0.111975262561E-01 -0.108073946125E-02
  0.113908240451E-01 -0.111804718330E-02
  0.115873704606E-01 -0.115661950065E-02
  0.117872201000E-01 -0.119649867951E-02
  0.119904284786E-01 -0.123772837841E-02
  0.121970520442E-01 -0.128035369315E-02
  0.124071481938E-01 -0.132442120322E-02
  0.126207752887E-01 -0.136997901965E-02
  0.128379926712E-01 -0.141707683435E-02
  0.130588606807E-01 -0.146576597103E-02
  0.132834406709E-01 -0.151609943763E-02
  0.135117950267E-01 -0.156813198049E-02
  0.137439871812E-01 -0.162192014008E-02
  0.139800816338E-01 -0.167752230861E-02
  0.142201439678E-01 -0.173499878923E-02
  0.144642408686E-01 -0.179441185729E-02
  0.147124401427E-01 -0.185582582325E-02
  0.149648107357E-01 -0.191930709777E-02
  0.152214227523E-01 -0.198492425857E-02
  0.154823474752E-01 -0.205274811954E-02
  0.157476573852E-01 -0.212285180183E-02
  0.160174261812E-01 -0.219531080721E-02
  0.162917288008E-01 -0.227020309356E-02
  0.165706414408E-01 -0.234760915280E-02
  0.168542415787E-01 -0.242761209105E-02
  0.171426079943E-01 -0.251029771133E-02
  0.174358207911E-01 -0.259575459869E-02
  0.177339614191E-01 -0.268407420794E-02
  0.180371126970E-01 -0.277535095403E-02
  0.183453588353E-01 -0.286968230512E-02
  0.186587854602E-01 -0.296716887848E-02
  0.189774796364E-01 -0.306791453922E-02
  0.193015298923E-01 -0.317202650197E-02
  0.196310262438E-01 -0.327961543563E-02
  0.199660602199E-01 -0.339079557116E-02
  0.203067248877E-01 -0.350568481262E-02
  0.206531148784E-01 -0.362440485147E-02
  0.210053264137E-01 -0.374708128420E-02
  0.213634573325E-01 -0.387384373347E-02
  0.217276071178E-01 -0.400482597275E-02
  0.220978769247E-01 -0.414016605464E-02
  0.224743696084E-01 -0.428000644287E-02
  0.228571897524E-01 -0.442449414818E-02
  0.232464436983E-01 -0.457378086809E-02
  0.236422395746E-01 -0.472802313068E-02
  0.240446873271E-01 -0.488738244261E-02
  0.244538987496E-01 -0.505202544122E-02
  0.248699875144E-01 -0.522212405105E-02
  0.252930692045E-01 -0.539785564484E-02
  0.257232613452E-01 -0.557940320898E-02
  0.261606834372E-01 -0.576695551373E-02
  0.266054569893E-01 -0.596070728817E-02
  0.270577055528E-01 -0.616085940003E-02
  0.275175547550E-01 -0.636761904054E-02
  0.279851323348E-01 -0.658119991447E-02
  0.284605681779E-01 -0.680182243526E-02
  0.289439943529E-01 -0.702971392571E-02
  0.294355451479E-01 -0.726510882400E-02
  0.299353571080E-01 -0.750824889540E-02
  0.304435690729E-01 -0.775938344970E-02
  0.309603222161E-01 -0.801876956448E-02
  0.314857600833E-01 -0.828667231440E-02
  0.320200286330E-01 -0.856336500661E-02
  0.325632762763E-01 -0.884912942234E-02
  0.331156539191E-01 -0.914425606493E-02
  0.336773150030E-01 -0.944904441438E-02
  0.342484155487E-01 -0.976380318842E-02
  0.348291141988E-01 -0.100888506105E-01
  0.354195722623E-01 -0.104245146846E-01
  0.360199537590E-01 -0.107711334769E-01
  0.366304254656E-01 -0.111290554051E-01
  0.372511569614E-01 -0.114986395344E-01
  0.378823206757E-01 -0.118802558813E-01
  0.385240919360E-01 -0.122742857250E-01
  0.391766490161E-01 -0.126811219260E-01
  0.398401731861E-01 -0.131011692531E-01
  0.405148487625E-01 -0.135348447180E-01
  0.412008631595E-01 -0.139825779181E-01
  0.418984069412E-01 -0.144448113868E-01
  0.426076738741E-01 -0.149220009537E-01
  0.433288609814E-01 -0.154146161109E-01
  0.440621685975E-01 -0.159231403903E-01
  0.448078004237E-01 -0.164480717472E-01
  0.455659635847E-01 -0.169899229547E-01
  0.463368686863E-01 -0.175492220049E-01
  0.471207298737E-01 -0.181265125210E-01
  0.479177648911E-01 -0.187223541769E-01
  0.487281951425E-01 -0.193373231264E-01
  0.495522457524E-01 -0.199720124420E-01
  0.503901456291E-01 -0.206270325618E-01
  0.512421275279E-01 -0.213030117472E-01
  0.521084281160E-01 -0.220005965486E-01
  0.529892880380E-01 -0.227204522809E-01
  0.538849519829E-01 -0.234632635088E-01
  0.547956687520E-01 -0.242297345410E-01
  0.557216913280E-01 -0.250205899340E-01
  0.566632769453E-01 -0.258365750055E-01
  0.576206871616E-01 -0.266784563565E-01
  0.585941879303E-01 -0.275470224041E-01
  0.595840496746E-01 -0.284430839219E-01
  0.605905473624E-01 -0.293674745912E-01
  0.616139605828E-01 -0.303210515602E-01
  0.626545736240E-01 -0.313046960128E-01
  0.637126755517E-01 -0.323193137465E-01
  0.647885602900E-01 -0.333658357582E-01
  0.658825267027E-01 -0.344452188400E-01
  0.669948786764E-01 -0.355584461815E-01
  0.681259252048E-01 -0.367065279823E-01
  0.692759804748E-01 -0.378905020711E-01
  0.704453639537E-01 -0.391114345324E-01
  0.716344004777E-01 -0.403704203417E-01
  0.728434203424E-01 -0.416685840062E-01
  0.740727593943E-01 -0.430070802131E-01
  0.753227591245E-01 -0.443870944839E-01
  0.765937667631E-01 -0.458098438341E-01
  0.778861353761E-01 -0.472765774382E-01
  0.792002239629E-01 -0.487885772998E-01
  0.805363975567E-01 -0.503471589253E-01
  0.818950273254E-01 -0.519536720013E-01
  0.832764906748E-01 -0.536095010746E-01
  0.846811713537E-01 -0.553160662344E-01
  0.861094595601E-01 -0.570748237956E-01
  0.875617520501E-01 -0.588872669822E-01
  0.890384522474E-01 -0.607549266109E-01
  0.905399703562E-01 -0.626793717723E-01
  0.920667234743E-01 -0.646622105095E-01
  0.936191357098E-01 -0.667050904940E-01
  0.951976382982E-01 -0.688096996950E-01
  0.968026697226E-01 -0.709777670438E-01
  0.984346758355E-01 -0.732110630898E-01
  0.100094109982E+00 -0.755114006475E-01
  0.101781433127E+00 -0.778806354331E-01
  0.103497113983E+00 -0.803206666882E-01
  0.105241629138E+00 -0.828334377899E-01
  0.107015463191E+00 -0.854209368446E-01
  0.108819108885E+00 -0.880851972639E-01
  0.110653067244E+00 -0.908282983201E-01
  0.112517847714E+00 -0.936523656798E-01
  0.114413968300E+00 -0.965595719126E-01
  0.116341955715E+00 -0.995521369720E-01
  0.118302345524E+00 -0.102632328648E+00
  0.120295682291E+00 -0.105802462983E+00
  0.122322519735E+00 -0.109064904660E+00
  0.124383420879E+00 -0.112422067341E+00
  0.126478958208E+00 -0.115876413972E+00
  0.128609713830E+00 -0.119430457041E+00
  0.130776279634E+00 -0.123086758781E+00
  0.132979257460E+00 -0.126847931327E+00
  0.135219259258E+00 -0.130716636810E+00
  0.137496907267E+00 -0.134695587395E+00
  0.139812834181E+00 -0.138787545244E+00
  0.142167683328E+00 -0.142995322418E+00
  0.144562108847E+00 -0.147321780698E+00
  0.146996775873E+00 -0.151769831321E+00
  0.149472360717E+00 -0.156342434633E+00
  0.151989551058E+00 -0.161042599652E+00
  0.154549046132E+00 -0.165873383524E+00
  0.157151556925E+00 -0.170837890877E+00
  0.159797806375E+00 -0.175939273065E+00
  0.162488529567E+00 -0.181180727285E+00
  0.165224473942E+00 -0.186565495573E+00
  0.168006399502E+00 -0.192096863660E+00
  0.170835079022E+00 -0.197778159684E+00
  0.173711298265E+00 -0.203612752753E+00
  0.176635856199E+00 -0.209604051338E+00
  0.179609565219E+00 -0.215755501499E+00
  0.182633251376E+00 -0.222070584929E+00
  0.185707754601E+00 -0.228552816799E+00
  0.188833928944E+00 -0.235205743402E+00
  0.192012642805E+00 -0.242032939580E+00
  0.195244779181E+00 -0.249038005918E+00
  0.198531235910E+00 -0.256224565698E+00
  0.201872925916E+00 -0.263596261594E+00
  0.205270777468E+00 -0.271156752097E+00
  0.208725734436E+00 -0.278909707651E+00
  0.212238756552E+00 -0.286858806486E+00
  0.215810819679E+00 -0.295007730130E+00
  0.219442916078E+00 -0.303360158588E+00
  0.223136054690E+00 -0.311919765155E+00
  0.226891261409E+00 -0.320690210859E+00
  0.230709579374E+00 -0.329675138500E+00
  0.234592069251E+00 -0.338878166283E+00
  0.238539809536E+00 -0.348302880988E+00
  0.242553896849E+00 -0.357952830695E+00
  0.246635446239E+00 -0.367831517002E+00
  0.250785591496E+00 -0.377942386732E+00
  0.255005485466E+00 -0.388288823097E+00
  0.259296300369E+00 -0.398874136277E+00
  0.263659228124E+00 -0.409701553405E+00
  0.268095480684E+00 -0.420774207906E+00
  0.272606290371E+00 -0.432095128170E+00
  0.277192910215E+00 -0.443667225513E+00
  0.281856614308E+00 -0.455493281402E+00
  0.286598698153E+00 -0.467575933885E+00
  0.291420479026E+00 -0.479917663214E+00
  0.296323296341E+00 -0.492520776584E+00
  0.301308512023E+00 -0.505387391975E+00
  0.306377510888E+00 -0.518519421026E+00
  0.311531701022E+00 -0.531918550909E+00
  0.316772514178E+00 -0.545586225140E+00
  0.322101406172E+00 -0.559523623279E+00
  0.327519857285E+00 -0.573731639455E+00
  0.333029372678E+00 -0.588210859674E+00
  0.338631482807E+00 -0.602961537823E+00
  0.344327743849E+00 -0.617983570332E+00
  0.350119738137E+00 -0.633276469398E+00
  0.356009074594E+00 -0.648839334735E+00
  0.361997389185E+00 -0.664670823732E+00
  0.368086345370E+00 -0.680769119993E+00
  0.374277634564E+00 -0.697131900123E+00
  0.380572976610E+00 -0.713756298730E+00
  0.386974120254E+00 -0.730638871508E+00
  0.393482843633E+00 -0.747775556346E+00
  0.400100954768E+00 -0.765161632332E+00
  0.406830292065E+00 -0.782791676594E+00
  0.413672724828E+00 -0.800659518824E+00
  0.420630153776E+00 -0.818758193428E+00
  0.427704511574E+00 -0.837079889133E+00
  0.434897763366E+00 -0.855615895991E+00
  0.442211907325E+00 -0.874356549599E+00
  0.449648975203E+00 -0.893291172456E+00
  0.457211032902E+00 -0.912408012276E+00
  0.464900181040E+00 -0.931694177163E+00
  0.472718555543E+00 -0.951135567450E+00
  0.480668328230E+00 -0.970716804106E+00
  0.488751707424E+00 -0.990421153485E+00
  0.496970938559E+00 -0.101023044832E+01
  0.505328304808E+00 -0.103012500470E+01
  0.513826127715E+00 -0.105008353499E+01
  0.522466767842E+00 -0.107008305625E+01
  0.531252625421E+00 -0.109009879430E+01
  0.540186141026E+00 -0.111010408285E+01
  0.549269796245E+00 -0.113007025779E+01
  0.558506114375E+00 -0.114996654613E+01
  0.567897661119E+00 -0.116975994962E+01
  0.577447045301E+00 -0.118941512254E+01
  0.587156919588E+00 -0.120889424348E+01
  0.597029981230E+00 -0.122815688094E+01
  0.607068972808E+00 -0.124715985222E+01
  0.617276682996E+00 -0.126585707541E+01
  0.627655947333E+00 -0.128419941415E+01
  0.638209649016E+00 -0.130213451470E+01
  0.648940719696E+00 -0.131960663502E+01
  0.659852140296E+00 -0.133655646538E+01
  0.670946941835E+00 -0.135292094011E+01
  0.682228206274E+00 -0.136863304002E+01
  0.693699067371E+00 -0.138362158495E+01
  0.705362711549E+00 -0.139781101607E+01
  0.717222378785E+00 -0.141112116717E+01
  0.729281363506E+00 -0.142346702458E+01
  0.741543015509E+00 -0.143475847506E+01
  0.754010740886E+00 -0.144490004088E+01
  0.766688002976E+00 -0.145379060175E+01
  0.779578323320E+00 -0.146132310268E+01
  0.792685282647E+00 -0.146738424715E+01
  0.806012521863E+00 -0.147185417500E+01
  0.819563743064E+00 -0.147460612416E+01
  0.833342710566E+00 -0.147550607576E+01
  0.847353251947E+00 -0.147441238157E+01
  0.861599259117E+00 -0.147117537348E+01
  0.876084689389E+00 -0.146563695405E+01
  0.890813566589E+00 -0.145763016752E+01
  0.905789982164E+00 -0.144697875086E+01
  0.921018096329E+00 -0.143349666399E+01
  0.936502139210E+00 -0.141698759873E+01
  0.952246412033E+00 -0.139724446606E+01
  0.968255288305E+00 -0.137404886088E+01
  0.984533215042E+00 -0.134717050416E+01
  0.100108471399E+01 -0.131636666167E+01
  0.101791438290E+01 -0.128138153902E+01
  0.103502689679E+01 -0.124194565236E+01
  0.105242700924E+01 -0.119777517430E+01
  0.107011955373E+01 -0.114857125434E+01
  0.108810944497E+01 -0.109401931318E+01
  0.110640168026E+01 -0.103378830994E+01
  0.112500134090E+01 -0.967529981642E+00
  0.114391359358E+01 -0.894878053563E+00
  0.116314369183E+01 -0.815447419674E+00
  0.118269697747E+01 -0.728833291646E+00
  0.120257888208E+01 -0.634610315469E+00
  0.122279492855E+01 -0.532331654306E+00
  0.124335073258E+01 -0.421528036776E+00
  0.126425200424E+01 -0.301706769715E+00
  0.128550454958E+01 -0.172350715061E+00
  0.130711427221E+01 -0.329172304720E-01
  0.132908717499E+01  0.117162926560E+00
  0.135142936163E+01  0.278486732155E+00
  0.137414703843E+01  0.451680070061E+00
  0.139724651603E+01  0.637398953631E+00
  0.142073421107E+01  0.836330811765E+00
  0.144461664807E+01  0.104919586954E+01
  0.146890046121E+01  0.127674867920E+01
  0.149359239612E+01  0.151977989414E+01
  0.151869931186E+01  0.177911843260E+01
  0.154422818271E+01  0.205563424382E+01
  0.157018610021E+01  0.235024196185E+01
  0.159658027504E+01  0.266390577819E+01
  0.162341803909E+01  0.299764583432E+01
  0.165070684748E+01  0.335254623363E+01
  0.167845428059E+01  0.372976428586E+01
  0.170666804623E+01  0.413053971259E+01
  0.173535598174E+01  0.455620130369E+01
  0.176452605617E+01  0.500816733953E+01
  0.179418637251E+01  0.548793611127E+01
  0.182434516992E+01  0.599706565725E+01
  0.185501082605E+01  0.653714778078E+01
  0.188619185932E+01  0.710978715058E+01
  0.191789693135E+01  0.771659582482E+01
  0.195013484928E+01  0.835920532594E+01
  0.198291456832E+01  0.903928922933E+01
  0.201624519415E+01  0.975858651118E+01
          529            1
  0.000000000000E+00  0.000000000000E+00
  0.510846319546E-05  0.745268469831E-10
  0.103027809112E-04  0.303138529465E-09
  0.155843960465E-04  0.693604916583E-09
  0.209547757508E-04  0.125400204618E-08
  0.264154118307E-04  0.199272322184E-08
  0.319678211647E-04  0.291849049823E-08
  0.376135461243E-04  0.404036656790E-08
  0.433541550030E-04  0.536776706363E-08
  0.491912424510E-04  0.691047329039E-08
  0.551264299192E-04  0.867864540178E-08
  0.611613661089E-04  0.106828360363E-07
  0.672977274301E-04  0.129340044289E-07
  0.735372184670E-04  0.154435310152E-07
  0.798815724517E-04  0.182232325433E-07
  0.863325517456E-04  0.212853777129E-07
  0.928919483287E-04  0.246427033587E-07
  0.995615842980E-04  0.283084311961E-07
  0.106343312373E-03  0.322962851498E-07
  0.113239016411E-03  0.366205092852E-07
  0.120250611928E-03  0.412958863620E-07
  0.127380046637E-03  0.463377570326E-07
  0.134629300981E-03  0.517620397070E-07
  0.142000388688E-03  0.575852511073E-07
  0.149495357331E-03  0.638245275346E-07
  0.157116288893E-03  0.704976468740E-07
  0.164865300349E-03  0.776230513621E-07
  0.172744544251E-03  0.852198711430E-07
  0.180756209330E-03  0.933079486407E-07
  0.188902521099E-03  0.101907863775E-06
  0.197185742474E-03  0.111040960051E-06
  0.205608174405E-03  0.120729371548E-06
  0.214172156510E-03  0.130996050848E-06
  0.222880067727E-03  0.141864797925E-06
  0.231734326977E-03  0.153360290030E-06
  0.240737393834E-03  0.165508112619E-06
  0.249891769206E-03  0.178334791336E-06
  0.259199996036E-03  0.191867825114E-06
  0.268664660001E-03  0.206135720405E-06
  0.278288390236E-03  0.221168026601E-06
  0.288073860060E-03  0.236995372676E-06
  0.298023787723E-03  0.253649505084E-06
  0.308140937158E-03  0.271163326971E-06
  0.318428118749E-03  0.289570938739E-06
  0.328888190112E-03  0.308907680001E-06
  0.339524056891E-03  0.329210172989E-06
  0.350338673561E-03  0.350516367448E-06
  0.361335044251E-03  0.372865587087E-06
  0.372516223580E-03  0.396298577618E-06
  0.383885317504E-03  0.420857556453E-06
  0.395445484175E-03  0.446586264114E-06
  0.407199934828E-03  0.473530017401E-06
  0.419151934661E-03  0.501735764398E-06
  0.431304803753E-03  0.531252141368E-06
  0.443661917977E-03  0.562129531598E-06
  0.456226709946E-03  0.594420126272E-06
  0.469002669960E-03  0.628177987429E-06
  0.481993346979E-03  0.663459113092E-06
  0.495202349607E-03  0.700321504626E-06
  0.508633347098E-03  0.738825236406E-06
  0.522290070371E-03  0.779032527888E-06
  0.536176313046E-03  0.821007818139E-06
  0.550295932504E-03  0.864817842936E-06
  0.564652850951E-03  0.910531714497E-06
  0.579251056513E-03  0.958221003960E-06
  0.594094604341E-03  0.100795982668E-05
  0.609187617738E-03  0.105982493045E-05
  0.624534289304E-03  0.111389578675E-05
  0.640138882103E-03  0.117025468513E-05
  0.656005730845E-03  0.122898683081E-05
  0.672139243088E-03  0.129018044562E-05
  0.688543900468E-03  0.135392687243E-05
  0.705224259940E-03  0.142032068312E-05
  0.722184955045E-03  0.148945979027E-05
  0.739430697195E-03  0.156144556264E-05
  0.756966276985E-03  0.163638294466E-05
  0.774796565523E-03  0.171438057995E-05
  0.792926515781E-03  0.179555093910E-05
  0.811361163972E-03  0.188001045181E-05
  0.830105630952E-03  0.196787964355E-05
  0.849165123637E-03  0.205928327689E-05
  0.868544936453E-03  0.215435049769E-05
  0.888250452805E-03  0.225321498623E-05
  0.908287146576E-03  0.235601511356E-05
  0.928660583643E-03  0.246289410318E-05
  0.949376423424E-03  0.257400019822E-05
  0.970440420452E-03  0.268948683438E-05
  0.991858425974E-03  0.280951281871E-05
  0.101363638957E-02  0.293424251457E-05
  0.103578036082E-02  0.306384603287E-05
  0.105829649097E-02  0.319849942983E-05
  0.108119103464E-02  0.333838491150E-05
  0.110447035157E-02  0.348369104529E-05
  0.112814090840E-02  0.363461297871E-05
  0.115220928042E-02  0.379135266552E-05
  0.117668215346E-02  0.395411909968E-05
  0.120156632569E-02  0.412312855725E-05
  0.122686870953E-02  0.429860484651E-05
  0.125259633360E-02  0.448077956669E-05
  0.127875634462E-02  0.466989237542E-05
  0.130535600943E-02  0.486619126543E-05
  0.133240271699E-02  0.506993285057E-05
  0.135990398045E-02  0.528138266164E-05
  0.138786743924E-02  0.550081545232E-05
  0.141630086115E-02  0.572851551550E-05
  0.144521214454E-02  0.596477701039E-05
  0.147460932052E-02  0.620990430082E-05
  0.150450055514E-02  0.646421230501E-05
  0.153489415174E-02  0.672802685734E-05
  0.156579855315E-02  0.700168508236E-05
  0.159722234415E-02  0.728553578162E-05
  0.162917425376E-02  0.757993983360E-05
  0.166166315772E-02  0.788527060739E-05
  0.169469808094E-02  0.820191439029E-05
  0.172828819999E-02  0.853027083013E-05
  0.176244284567E-02  0.887075339257E-05
  0.179717150562E-02  0.922378983400E-05
  0.183248382690E-02  0.958982269051E-05
  0.186838961872E-02  0.996930978360E-05
  0.190489885514E-02  0.103627247430E-04
  0.194202167784E-02  0.107705575473E-04
  0.197976839897E-02  0.111933150830E-04
  0.201814950397E-02  0.116315217229E-04
  0.205717565450E-02  0.120857199233E-04
  0.209685769141E-02  0.125564708428E-04
  0.213720663774E-02  0.130443549808E-04
  0.217823370179E-02  0.135499728389E-04
  0.221995028024E-02  0.140739456040E-04
  0.226236796128E-02  0.146169158551E-04
  0.230549852789E-02  0.151795482937E-04
  0.234935396105E-02  0.157625304998E-04
  0.239394644311E-02  0.163665737127E-04
  0.243928836116E-02  0.169924136389E-04
  0.248539231046E-02  0.176408112877E-04
  0.253227109796E-02  0.183125538344E-04
  0.257993774586E-02  0.190084555136E-04
  0.262840549518E-02  0.197293585425E-04
  0.267768780952E-02  0.204761340761E-04
  0.272779837871E-02  0.212496831937E-04
  0.277875112269E-02  0.220509379206E-04
  0.283056019531E-02  0.228808622831E-04
  0.288323998833E-02  0.237404533999E-04
  0.293680513535E-02  0.246307426110E-04
  0.299127051593E-02  0.255527966442E-04
  0.304665125969E-02  0.265077188217E-04
  0.310296275053E-02  0.274966503078E-04
  0.316022063089E-02  0.285207713986E-04
  0.321844080610E-02  0.295813028557E-04
  0.327763944881E-02  0.306795072855E-04
  0.333783300347E-02  0.318166905651E-04
  0.339903819090E-02  0.329942033161E-04
  0.346127201292E-02  0.342134424300E-04
  0.352455175712E-02  0.354758526432E-04
  0.358889500161E-02  0.367829281680E-04
  0.365431961993E-02  0.381362143766E-04
  0.372084378599E-02  0.395373095441E-04
  0.378848597917E-02  0.409878666497E-04
  0.385726498940E-02  0.424895952396E-04
  0.392719992239E-02  0.440442633524E-04
  0.399831020498E-02  0.456536995110E-04
  0.407061559046E-02  0.473197947809E-04
  0.414413616415E-02  0.490445048996E-04
  0.421889234888E-02  0.508298524771E-04
  0.429490491076E-02  0.526779292718E-04
  0.437219496486E-02  0.545908985439E-04
  0.445078398115E-02  0.565709974875E-04
  0.453069379041E-02  0.586205397467E-04
  0.461194659032E-02  0.607419180161E-04
  0.469456495164E-02  0.629376067297E-04
  0.477857182443E-02  0.652101648414E-04
  0.486399054448E-02  0.675622386996E-04
  0.495084483977E-02  0.699965650188E-04
  0.503915883703E-02  0.725159739534E-04
  0.512895706851E-02  0.751233922741E-04
  0.522026447874E-02  0.778218466533E-04
  0.531310643146E-02  0.806144670611E-04
  0.540750871672E-02  0.835044902772E-04
  0.550349755798E-02  0.864952635212E-04
  0.560109961941E-02  0.895902482063E-04
  0.570034201334E-02  0.927930238208E-04
  0.580125230773E-02  0.961072919398E-04
  0.590385853386E-02  0.995368803746E-04
  0.600818919413E-02  0.103085747462E-03
  0.611427326994E-02  0.106757986497E-03
  0.622214022979E-02  0.110557830320E-03
  0.633182003739E-02  0.114489656058E-03
  0.644334316008E-02  0.118557990021E-03
  0.655674057722E-02  0.122767512775E-03
  0.667204378881E-02  0.127123064373E-03
  0.678928482427E-02  0.131629649780E-03
  0.690849625131E-02  0.136292444467E-03
  0.702971118498E-02  0.141116800200E-03
  0.715296329687E-02  0.146108251029E-03
  0.727828682447E-02  0.151272519472E-03
  0.740571658069E-02  0.156615522917E-03
  0.753528796348E-02  0.162143380231E-03
  0.766703696575E-02  0.167862418604E-03
  0.780100018528E-02  0.173779180613E-03
  0.793721483493E-02  0.179900431536E-03
  0.807571875299E-02  0.186233166903E-03
  0.821655041365E-02  0.192784620314E-03
  0.835974893773E-02  0.199562271510E-03
  0.850535410352E-02  0.206573854726E-03
  0.865340635783E-02  0.213827367322E-03
  0.880394682725E-02  0.221331078705E-03
  0.895701732952E-02  0.229093539560E-03
  0.911266038523E-02  0.237123591382E-03
  0.927091922956E-02  0.245430376340E-03
  0.943183782431E-02  0.254023347469E-03
  0.959546087013E-02  0.262912279210E-03
  0.976183381892E-02  0.272107278303E-03
  0.993100288645E-02  0.281618795048E-03
  0.101030150652E-01  0.291457634951E-03
  0.102779181375E-01  0.301634970759E-03
  0.104557606886E-01  0.312162354903E-03
  0.106365921204E-01  0.323051732360E-03
  0.108204626649E-01  0.334315453952E-03
  0.110074233986E-01  0.345966290093E-03
  0.111975262561E-01  0.358017444995E-03
  0.113908240451E-01  0.370482571362E-03
  0.115873704606E-01  0.383375785574E-03
  0.117872201000E-01  0.396711683384E-03
  0.119904284786E-01  0.410505356146E-03
  0.121970520442E-01  0.424772407587E-03
  0.124071481938E-01  0.439528971149E-03
  0.126207752887E-01  0.454791727911E-03
  0.128379926712E-01  0.470577925119E-03
  0.130588606807E-01  0.486905395335E-03
  0.132834406709E-01  0.503792576236E-03
  0.135117950267E-01  0.521258531076E-03
  0.137439871812E-01  0.539322969841E-03
  0.139800816338E-01  0.558006271110E-03
  0.142201439678E-01  0.577329504654E-03
  0.144642408686E-01  0.597314454800E-03
  0.147124401427E-01  0.617983644571E-03
  0.149648107357E-01  0.639360360645E-03
  0.152214227523E-01  0.661468679149E-03
  0.154823474752E-01  0.684333492320E-03
  0.157476573852E-01  0.707980536062E-03
  0.160174261812E-01  0.732436418428E-03
  0.162917288008E-01  0.757728649055E-03
  0.165706414408E-01  0.783885669590E-03
  0.168542415787E-01  0.810936885133E-03
  0.171426079943E-01  0.838912696733E-03
  0.174358207911E-01  0.867844534979E-03
  0.177339614191E-01  0.897764894707E-03
  0.180371126970E-01  0.928707370874E-03
  0.183453588353E-01  0.960706695631E-03
  0.186587854602E-01  0.993798776633E-03
  0.189774796364E-01  0.102802073663E-02
  0.193015298923E-01  0.106341095440E-02
  0.196310262438E-01  0.110000910699E-02
  0.199660602199E-01  0.113785621345E-02
  0.203067248877E-01  0.117699467996E-02
  0.206531148784E-01  0.121746834647E-02
  0.210053264137E-01  0.125932253495E-02
  0.213634573325E-01  0.130260409915E-02
  0.217276071178E-01  0.134736147609E-02
  0.220978769247E-01  0.139364473926E-02
  0.224743696084E-01  0.144150565353E-02
  0.228571897524E-01  0.149099773193E-02
  0.232464436983E-01  0.154217629431E-02
  0.236422395746E-01  0.159509852792E-02
  0.240446873271E-01  0.164982355004E-02
  0.244538987496E-01  0.170641247262E-02
  0.248699875144E-01  0.176492846909E-02
  0.252930692045E-01  0.182543684342E-02
  0.257232613452E-01  0.188800510135E-02
  0.261606834372E-01  0.195270302410E-02
  0.266054569893E-01  0.201960274439E-02
  0.270577055528E-01  0.208877882504E-02
  0.275175547550E-01  0.216030834010E-02
  0.279851323348E-01  0.223427095868E-02
  0.284605681779E-01  0.231074903153E-02
  0.289439943529E-01  0.238982768042E-02
  0.294355451479E-01  0.247159489045E-02
  0.299353571080E-01  0.255614160544E-02
  0.304435690729E-01  0.264356182633E-02
  0.309603222161E-01  0.273395271283E-02
  0.314857600833E-01  0.282741468845E-02
  0.320200286330E-01  0.292405154880E-02
  0.325632762763E-01  0.302397057350E-02
  0.331156539191E-01  0.312728264168E-02
  0.336773150030E-01  0.323410235126E-02
  0.342484155487E-01  0.334454814198E-02
  0.348291141988E-01  0.345874242249E-02
  0.354195722623E-01  0.357681170147E-02
  0.360199537590E-01  0.369888672296E-02
  0.366304254656E-01  0.382510260610E-02
  0.372511569614E-01  0.395559898917E-02
  0.378823206757E-01  0.409052017841E-02
  0.385240919360E-01  0.423001530143E-02
  0.391766490161E-01  0.437423846557E-02
  0.398401731861E-01  0.452334892124E-02
  0.405148487625E-01  0.467751123043E-02
  0.412008631595E-01  0.483689544050E-02
  0.418984069412E-01  0.500167726344E-02
  0.426076738741E-01  0.517203826080E-02
  0.433288609814E-01  0.534816603427E-02
  0.440621685975E-01  0.553025442231E-02
  0.448078004237E-01  0.571850370281E-02
  0.455659635847E-01  0.591312080204E-02
  0.463368686863E-01  0.611431951001E-02
  0.471207298737E-01  0.632232070248E-02
  0.479177648911E-01  0.653735256972E-02
  0.487281951425E-01  0.675965085223E-02
  0.495522457524E-01  0.698945908365E-02
  0.503901456291E-01  0.722702884096E-02
  0.512421275279E-01  0.747262000219E-02
  0.521084281160E-01  0.772650101188E-02
  0.529892880380E-01  0.798894915438E-02
  0.538849519829E-01  0.826025083527E-02
  0.547956687520E-01  0.854070187108E-02
  0.557216913280E-01  0.883060778741E-02
  0.566632769453E-01  0.913028412580E-02
  0.576206871616E-01  0.944005675940E-02
  0.585941879303E-01  0.976026221777E-02
  0.595840496746E-01  0.100912480208E-01
  0.605905473624E-01  0.104333730224E-01
  0.616139605828E-01  0.107870077632E-01
  0.626545736240E-01  0.111525348339E-01
  0.637126755517E-01  0.115303492479E-01
  0.647885602900E-01  0.119208588244E-01
  0.658825267027E-01  0.123244845824E-01
  0.669948786764E-01  0.127416611440E-01
  0.681259252048E-01  0.131728371499E-01
  0.692759804748E-01  0.136184756844E-01
  0.704453639537E-01  0.140790547125E-01
  0.716344004777E-01  0.145550675276E-01
  0.728434203424E-01  0.150470232104E-01
  0.740727593943E-01  0.155554470998E-01
  0.753227591245E-01  0.160808812746E-01
  0.765937667631E-01  0.166238850474E-01
  0.778861353761E-01  0.171850354697E-01
  0.792002239629E-01  0.177649278488E-01
  0.805363975567E-01  0.183641762771E-01
  0.818950273254E-01  0.189834141721E-01
  0.832764906748E-01  0.196232948287E-01
  0.846811713537E-01  0.202844919833E-01
  0.861094595601E-01  0.209677003893E-01
  0.875617520501E-01  0.216736364039E-01
  0.890384522474E-01  0.224030385866E-01
  0.905399703562E-01  0.231566683085E-01
  0.920667234743E-01  0.239353103723E-01
  0.936191357098E-01  0.247397736438E-01
  0.951976382982E-01  0.255708916923E-01
  0.968026697226E-01  0.264295234418E-01
  0.984346758355E-01  0.273165538310E-01
  0.100094109982E+00  0.282328944825E-01
  0.101781433127E+00  0.291794843797E-01
  0.103497113983E+00  0.301572905515E-01
  0.105241629138E+00  0.311673087633E-01
  0.107015463191E+00  0.322105642143E-01
  0.108819108885E+00  0.332881122388E-01
  0.110653067244E+00  0.344010390122E-01
  0.112517847714E+00  0.355504622580E-01
  0.114413968300E+00  0.367375319573E-01
  0.116341955715E+00  0.379634310566E-01
  0.118302345524E+00  0.392293761744E-01
  0.120295682291E+00  0.405366183032E-01
  0.122322519735E+00  0.418864435056E-01
  0.124383420879E+00  0.432801736028E-01
  0.126478958208E+00  0.447191668515E-01
  0.128609713830E+00  0.462048186085E-01
  0.130776279634E+00  0.477385619785E-01
  0.132979257460E+00  0.493218684433E-01
  0.135219259258E+00  0.509562484677E-01
  0.137496907267E+00  0.526432520792E-01
  0.139812834181E+00  0.543844694181E-01
  0.142167683328E+00  0.561815312516E-01
  0.144562108847E+00  0.580361094495E-01
  0.146996775873E+00  0.599499174146E-01
  0.149472360717E+00  0.619247104637E-01
  0.151989551058E+00  0.639622861516E-01
  0.154549046132E+00  0.660644845334E-01
  0.157151556925E+00  0.682331883565E-01
  0.159797806375E+00  0.704703231762E-01
  0.162488529567E+00  0.727778573855E-01
  0.165224473942E+00  0.751578021515E-01
  0.168006399502E+00  0.776122112478E-01
  0.170835079022E+00  0.801431807737E-01
  0.173711298265E+00  0.827528487495E-01
  0.176635856199E+00  0.854433945745E-01
  0.179609565219E+00  0.882170383374E-01
  0.182633251376E+00  0.910760399641E-01
  0.185707754601E+00  0.940226981882E-01
  0.188833928944E+00  0.970593493301E-01
  0.192012642805E+00  0.100188365867E+00
  0.195244779181E+00  0.103412154774E+00
  0.198531235910E+00  0.106733155625E+00
  0.201872925916E+00  0.110153838417E+00
  0.205270777468E+00  0.113676701118E+00
  0.208725734436E+00  0.117304266893E+00
  0.212238756552E+00  0.121039080999E+00
  0.215810819679E+00  0.124883707312E+00
  0.219442916078E+00  0.128840724467E+00
  0.223136054690E+00  0.132912721566E+00
  0.226891261409E+00  0.137102293444E+00
  0.230709579374E+00  0.141412035428E+00
  0.234592069251E+00  0.145844537579E+00
  0.238539809536E+00  0.150402378368E+00
  0.242553896849E+00  0.155088117733E+00
  0.246635446239E+00  0.159904289491E+00
  0.250785591496E+00  0.164853393040E+00
  0.255005485466E+00  0.169937884317E+00
  0.259296300369E+00  0.175160165935E+00
  0.263659228124E+00  0.180522576474E+00
  0.268095480684E+00  0.186027378825E+00
  0.272606290371E+00  0.191676747560E+00
  0.277192910215E+00  0.197472755234E+00
  0.281856614308E+00  0.203417357553E+00
  0.286598698153E+00  0.209512377338E+00
  0.291420479026E+00  0.215759487191E+00
  0.296323296341E+00  0.222160190785E+00
  0.301308512023E+00  0.228715802677E+00
  0.306377510888E+00  0.235427426560E+00
  0.311531701022E+00  0.242295931834E+00
  0.316772514178E+00  0.249321928408E+00
  0.322101406172E+00  0.256505739593E+00
  0.327519857285E+00  0.263847372990E+00
  0.333029372678E+00  0.271346489224E+00
  0.338631482807E+00  0.279002368408E+00
  0.344327743849E+00  0.286813874180E+00
  0.350119738137E+00  0.294779415171E+00
  0.356009074594E+00  0.302896903750E+00
  0.361997389185E+00  0.311163711875E+00
  0.368086345370E+00  0.319576623880E+00
  0.374277634564E+00  0.328131786023E+00
  0.380572976610E+00  0.336824652592E+00
  0.386974120254E+00  0.345649928389E+00
  0.393482843633E+00  0.354601507365E+00
  0.400100954768E+00  0.363672407211E+00
  0.406830292065E+00  0.372854699663E+00
  0.413672724828E+00  0.382139436291E+00
  0.420630153776E+00  0.391516569542E+00
  0.427704511574E+00  0.400974868759E+00
  0.434897763366E+00  0.410501830942E+00
  0.442211907325E+00  0.420083585955E+00
  0.449648975203E+00  0.429704795920E+00
  0.457211032902E+00  0.439348548498E+00
  0.464900181040E+00  0.448996243763E+00
  0.472718555543E+00  0.458627474366E+00
  0.480668328230E+00  0.468219898682E+00
  0.488751707424E+00  0.477749106611E+00
  0.496970938559E+00  0.487188477723E+00
  0.505328304808E+00  0.496509031405E+00
  0.513826127715E+00  0.505679268698E+00
  0.522466767842E+00  0.514665005458E+00
  0.531252625421E+00  0.523429196544E+00
  0.540186141026E+00  0.531931750659E+00
  0.549269796245E+00  0.540129335545E+00
  0.558506114375E+00  0.547975173175E+00
  0.567897661119E+00  0.555418824638E+00
  0.577447045301E+00  0.562405964389E+00
  0.587156919588E+00  0.568878143572E+00
  0.597029981230E+00  0.574772542115E+00
  0.607068972808E+00  0.580021709335E+00
  0.617276682996E+00  0.584553292780E+00
  0.627655947333E+00  0.588289755109E+00
  0.638209649016E+00  0.591148078766E+00
  0.648940719696E+00  0.593039458309E+00
  0.659852140296E+00  0.593868980234E+00
  0.670946941835E+00  0.593535290190E+00
  0.682228206274E+00  0.591930247531E+00
  0.693699067371E+00  0.588938567188E+00
  0.705362711549E+00  0.584437448873E+00
  0.717222378785E+00  0.578296193717E+00
  0.729281363506E+00  0.570375808462E+00
  0.741543015509E+00  0.560528597400E+00
  0.754010740886E+00  0.548597742297E+00
  0.766688002976E+00  0.534416870610E+00
  0.779578323320E+00  0.517809612350E+00
  0.792685282647E+00  0.498589145985E+00
  0.806012521863E+00  0.476557733850E+00
  0.819563743064E+00  0.451506247542E+00
  0.833342710566E+00  0.423213683818E+00
  0.847353251947E+00  0.391446671535E+00
  0.861599259117E+00  0.355958970137E+00
  0.876084689389E+00  0.316490960215E+00
  0.890813566589E+00  0.272769126546E+00
  0.905789982164E+00  0.224505533989E+00
  0.921018096329E+00  0.171397296436E+00
  0.936502139210E+00  0.113126038854E+00
  0.952246412033E+00  0.493573522043E-01
  0.968255288305E+00 -0.202597592863E-01
  0.984533215042E+00 -0.960934394249E-01
  0.100108471399E+01 -0.178529551329E+00
  0.101791438290E+01 -0.267972260687E+00
  0.103502689679E+01 -0.364844633716E+00
  0.105242700924E+01 -0.469589253399E+00
  0.107011955373E+01 -0.582668858561E+00
  0.108810944497E+01 -0.704567011550E+00
  0.110640168026E+01 -0.835788801602E+00
  0.112500134090E+01 -0.976861592545E+00
  0.114391359358E+01 -0.112833582524E+01
  0.116314369183E+01 -0.129078588714E+01
  0.118269697747E+01 -0.146481106349E+01
  0.120257888208E+01 -0.165103658713E+01
  0.122279492855E+01 -0.185011480649E+01
  0.124335073258E+01 -0.206272649390E+01
  0.126425200424E+01 -0.228958231963E+01
  0.128550454958E+01 -0.253142451934E+01
  0.130711427221E+01 -0.278902878623E+01
  0.132908717499E+01 -0.306320642096E+01
  0.135142936163E+01 -0.335480677531E+01
  0.137414703843E+01 -0.366472002659E+01
  0.139724651603E+01 -0.399388032042E+01
  0.142073421107E+01 -0.434326931847E+01
  0.144461664807E+01 -0.471392018459E+01
  0.146890046121E+01 -0.510692203674E+01
  0.149359239612E+01 -0.552342488241E+01
  0.151869931186E+01 -0.596464399683E+01
  0.154422818271E+01 -0.643186844025E+01
  0.157018610021E+01 -0.692645611908E+01
  0.159658027504E+01 -0.744984691923E+01
  0.162341803909E+01 -0.800357483418E+01
  0.165070684748E+01 -0.858928353842E+01
  0.167845428059E+01 -0.920874341657E+01
  0.170666804623E+01 -0.986386693040E+01
  0.173535598174E+01 -0.105567168641E+02
  0.176452605617E+01 -0.112895001457E+02
  0.179418637251E+01 -0.120645409399E+02
  0.182434516992E+01 -0.128842334060E+02
  0.185501082605E+01 -0.137509868264E+02
  0.188619185932E+01 -0.146671859829E+02
  0.191789693135E+01 -0.156351860481E+02
  0.195013484928E+01 -0.166573428898E+02
  0.198291456832E+01 -0.177360618490E+02
  0.201624519415E+01 -0.188738447246E+02
          529            1
  0.000000000000E+00  0.000000000000E+00
  0.510846319546E-05  0.178321593270E-09
  0.103027809112E-04  0.725324284986E-09
  0.155843960465E-04  0.165959859679E-08
  0.209547757508E-04  0.300046718457E-08
  0.264154118307E-04  0.476801133777E-08
  0.319678211647E-04  0.698309840235E-08
  0.376135461243E-04  0.966741016039E-08
  0.433541550030E-04  0.128434721989E-07
  0.491912424510E-04  0.165346843019E-07
  0.551264299192E-04  0.207653519010E-07
  0.611613661089E-04  0.255607186202E-07
  0.672977274301E-04  0.309469999533E-07
  0.735372184670E-04  0.369514181121E-07
  0.798815724517E-04  0.436022380855E-07
  0.863325517456E-04  0.509288049512E-07
  0.928919483287E-04  0.589615824830E-07
  0.995615842980E-04  0.677321930983E-07
  0.106343312373E-03  0.772734591899E-07
  0.113239016411E-03  0.876194458929E-07
  0.120250611928E-03  0.988055053317E-07
  0.127380046637E-03  0.110868322402E-06
  0.134629300981E-03  0.123845962134E-06
  0.142000388688E-03  0.137777918704E-06
  0.149495357331E-03  0.152705166128E-06
  0.157116288893E-03  0.168670210721E-06
  0.164865300349E-03  0.185717145364E-06
  0.172744544251E-03  0.203891705647E-06
  0.180756209330E-03  0.223241327949E-06
  0.188902521099E-03  0.243815209532E-06
  0.197185742474E-03  0.265664370696E-06
  0.205608174405E-03  0.288841719092E-06
  0.214172156510E-03  0.313402116243E-06
  0.222880067727E-03  0.339402446363E-06
  0.231734326977E-03  0.366901687550E-06
  0.240737393834E-03  0.395960985425E-06
  0.249891769206E-03  0.426643729316E-06
  0.259199996036E-03  0.459015631055E-06
  0.268664660001E-03  0.493144806495E-06
  0.278288390236E-03  0.529101859830E-06
  0.288073860060E-03  0.566959970810E-06
  0.298023787723E-03  0.606794984961E-06
  0.308140937158E-03  0.648685506902E-06
  0.318428118749E-03  0.692712996868E-06
  0.328888190112E-03  0.738961870551E-06
  0.339524056891E-03  0.787519602367E-06
  0.350338673561E-03  0.838476832267E-06
  0.361335044251E-03  0.891927476213E-06
  0.372516223580E-03  0.947968840448E-06
  0.383885317504E-03  0.100670173968E-05
  0.395445484175E-03  0.106823061930E-05
  0.407199934828E-03  0.113266368186E-05
  0.419151934661E-03  0.120011301775E-05
  0.431304803753E-03  0.127069474049E-05
  0.443661917977E-03  0.134452912658E-05
  0.456226709946E-03  0.142174076015E-05
  0.469002669960E-03  0.150245868254E-05
  0.481993346979E-03  0.158681654706E-05
  0.495202349607E-03  0.167495277894E-05
  0.508633347098E-03  0.176701074086E-05
  0.522290070371E-03  0.186313890404E-05
  0.536176313046E-03  0.196349102524E-05
  0.550295932504E-03  0.206822632979E-05
  0.564652850951E-03  0.217750970083E-05
  0.579251056513E-03  0.229151187507E-05
  0.594094604341E-03  0.241040964516E-05
  0.609187617738E-03  0.253438606906E-05
  0.624534289304E-03  0.266363068645E-05
  0.640138882103E-03  0.279833974257E-05
  0.656005730845E-03  0.293871641967E-05
  0.672139243088E-03  0.308497107638E-05
  0.688543900468E-03  0.323732149519E-05
  0.705224259940E-03  0.339599313839E-05
  0.722184955045E-03  0.356121941267E-05
  0.739430697195E-03  0.373324194283E-05
  0.756966276985E-03  0.391231085467E-05
  0.774796565523E-03  0.409868506761E-05
  0.792926515781E-03  0.429263259723E-05
  0.811361163972E-03  0.449443086803E-05
  0.830105630952E-03  0.470436703693E-05
  0.849165123637E-03  0.492273832769E-05
  0.868544936453E-03  0.514985237669E-05
  0.888250452805E-03  0.538602759051E-05
  0.908287146576E-03  0.563159351556E-05
  0.928660583643E-03  0.588689122033E-05
  0.949376423424E-03  0.615227369061E-05
  0.970440420452E-03  0.642810623804E-05
  0.991858425974E-03  0.671476692262E-05
  0.101363638957E-02  0.701264698949E-05
  0.103578036082E-02  0.732215132048E-05
  0.105829649097E-02  0.764369890107E-05
  0.108119103464E-02  0.797772330304E-05
  0.110447035157E-02  0.832467318361E-05
  0.112814090840E-02  0.868501280133E-05
  0.115220928042E-02  0.905922254957E-05
  0.117668215346E-02  0.944779950799E-05
  0.120156632569E-02  0.985125801269E-05
  0.122686870953E-02  0.102701302457E-04
  0.125259633360E-02  0.107049668441E-04
  0.127875634462E-02  0.111563375305E-04
  0.130535600943E-02  0.116248317639E-04
  0.133240271699E-02  0.121110594130E-04
  0.135990398045E-02  0.126156514524E-04
  0.138786743924E-02  0.131392606821E-04
  0.141630086115E-02  0.136825624711E-04
  0.144521214454E-02  0.142462555270E-04
  0.147460932052E-02  0.148310626900E-04
  0.150450055514E-02  0.154377317552E-04
  0.153489415174E-02  0.160670363221E-04
  0.156579855315E-02  0.167197766725E-04
  0.159722234415E-02  0.173967806779E-04
  0.162917425376E-02  0.180989047386E-04
  0.166166315772E-02  0.188270347526E-04
  0.169469808094E-02  0.195820871192E-04
  0.172828819999E-02  0.203650097746E-04
  0.176244284567E-02  0.211767832632E-04
  0.179717150562E-02  0.220184218456E-04
  0.183248382690E-02  0.228909746421E-04
  0.186838961872E-02  0.237955268168E-04
  0.190489885514E-02  0.247332007995E-04
  0.194202167784E-02  0.257051575504E-04
  0.197976839897E-02  0.267125978662E-04
  0.201814950397E-02  0.277567637305E-04
  0.205717565450E-02  0.288389397094E-04
  0.209685769141E-02  0.299604543943E-04
  0.213720663774E-02  0.311226818927E-04
  0.217823370179E-02  0.323270433692E-04
  0.221995028024E-02  0.335750086384E-04
  0.226236796128E-02  0.348680978111E-04
  0.230549852789E-02  0.362078829951E-04
  0.234935396105E-02  0.375959900545E-04
  0.239394644311E-02  0.390341004259E-04
  0.243928836116E-02  0.405239529976E-04
  0.248539231046E-02  0.420673460497E-04
  0.253227109796E-02  0.436661392609E-04
  0.257993774586E-02  0.453222557812E-04
  0.262840549518E-02  0.470376843742E-04
  0.267768780952E-02  0.488144816319E-04
  0.272779837871E-02  0.506547742621E-04
  0.277875112269E-02  0.525607614536E-04
  0.283056019531E-02  0.545347173191E-04
  0.288323998833E-02  0.565789934211E-04
  0.293680513535E-02  0.586960213810E-04
  0.299127051593E-02  0.608883155752E-04
  0.304665125969E-02  0.631584759226E-04
  0.310296275053E-02  0.655091907627E-04
  0.316022063089E-02  0.679432398319E-04
  0.321844080610E-02  0.704634973375E-04
  0.327763944881E-02  0.730729351346E-04
  0.333783300347E-02  0.757746260084E-04
  0.339903819090E-02  0.785717470664E-04
  0.346127201292E-02  0.814675832429E-04
  0.352455175712E-02  0.844655309197E-04
  0.358889500161E-02  0.875691016680E-04
  0.365431961993E-02  0.907819261138E-04
  0.372084378599E-02  0.941077579322E-04
  0.378848597917E-02  0.975504779739E-04
  0.385726498940E-02  0.101114098528E-03
  0.392719992239E-02  0.104802767729E-03
  0.399831020498E-02  0.108620774105E-03
  0.407061559046E-02  0.112572551280E-03
  0.414413616415E-02  0.116662682833E-03
  0.421889234888E-02  0.120895907313E-03
  0.429490491076E-02  0.125277123426E-03
  0.437219496486E-02  0.129811395388E-03
  0.445078398115E-02  0.134503958458E-03
  0.453069379041E-02  0.139360224653E-03
  0.461194659032E-02  0.144385788653E-03
  0.469456495164E-02  0.149586433897E-03
  0.477857182443E-02  0.154968138884E-03
  0.486399054448E-02  0.160537083679E-03
  0.495084483977E-02  0.166299656636E-03
  0.503915883703E-02  0.172262461340E-03
  0.512895706851E-02  0.178432323775E-03
  0.522026447874E-02  0.184816299737E-03
  0.531310643146E-02  0.191421682478E-03
  0.540750871672E-02  0.198256010610E-03
  0.550349755798E-02  0.205327076266E-03
  0.560109961941E-02  0.212642933528E-03
  0.570034201334E-02  0.220211907128E-03
  0.580125230773E-02  0.228042601445E-03
  0.590385853386E-02  0.236143909782E-03
  0.600818919413E-02  0.244525023954E-03
  0.611427326994E-02  0.253195444193E-03
  0.622214022979E-02  0.262164989368E-03
  0.633182003739E-02  0.271443807547E-03
  0.644334316008E-02  0.281042386892E-03
  0.655674057722E-02  0.290971566925E-03
  0.667204378881E-02  0.301242550147E-03
  0.678928482427E-02  0.311866914041E-03
  0.690849625131E-02  0.322856623464E-03
  0.702971118498E-02  0.334224043446E-03
  0.715296329687E-02  0.345981952395E-03
  0.727828682447E-02  0.358143555740E-03
  0.740571658069E-02  0.370722500011E-03
  0.753528796348E-02  0.383732887375E-03
  0.766703696575E-02  0.397189290644E-03
  0.780100018528E-02  0.411106768767E-03
  0.793721483493E-02  0.425500882825E-03
  0.807571875299E-02  0.440387712533E-03
  0.821655041365E-02  0.455783873290E-03
  0.835974893773E-02  0.471706533759E-03
  0.850535410352E-02  0.488173434030E-03
  0.865340635783E-02  0.505202904352E-03
  0.880394682725E-02  0.522813884479E-03
  0.895701732952E-02  0.541025943626E-03
  0.911266038523E-02  0.559859301073E-03
  0.927091922956E-02  0.579334847418E-03
  0.943183782431E-02  0.599474166524E-03
  0.959546087013E-02  0.620299558151E-03
  0.976183381892E-02  0.641834061322E-03
  0.993100288645E-02  0.664101478424E-03
  0.101030150652E-01  0.687126400087E-03
  0.102779181375E-01  0.710934230839E-03
  0.104557606886E-01  0.735551215590E-03
  0.106365921204E-01  0.761004466946E-03
  0.108204626649E-01  0.787321993389E-03
  0.110074233986E-01  0.814532728354E-03
  0.111975262561E-01  0.842666560214E-03
  0.113908240451E-01  0.871754363222E-03
  0.115873704606E-01  0.901828029416E-03
  0.117872201000E-01  0.932920501535E-03
  0.119904284786E-01  0.965065806965E-03
  0.121970520442E-01  0.998299092751E-03
  0.124071481938E-01  0.103265666170E-02
  0.126207752887E-01  0.106817600963E-02
  0.128379926712E-01  0.110489586374E-02
  0.130588606807E-01  0.114285622224E-02
  0.132834406709E-01  0.118209839512E-02
  0.135117950267E-01  0.122266504632E-02
  0.137439871812E-01  0.126460023705E-02
  0.139800816338E-01  0.130794947057E-02
  0.142201439678E-01  0.135275973831E-02
  0.144642408686E-01  0.139907956739E-02
  0.147124401427E-01  0.144695906965E-02
  0.149648107357E-01  0.149644999215E-02
  0.152214227523E-01  0.154760576921E-02
  0.154823474752E-01  0.160048157608E-02
  0.157476573852E-01  0.165513438423E-02
  0.160174261812E-01  0.171162301830E-02
  0.162917288008E-01  0.177000821482E-02
  0.165706414408E-01  0.183035268266E-02
  0.168542415787E-01  0.189272116541E-02
  0.171426079943E-01  0.195718050549E-02
  0.174358207911E-01  0.202379971031E-02
  0.177339614191E-01  0.209265002041E-02
  0.180371126970E-01  0.216380497956E-02
  0.183453588353E-01  0.223734050703E-02
  0.186587854602E-01  0.231333497199E-02
  0.189774796364E-01  0.239186927015E-02
  0.193015298923E-01  0.247302690259E-02
  0.196310262438E-01  0.255689405700E-02
  0.199660602199E-01  0.264355969133E-02
  0.203067248877E-01  0.273311561977E-02
  0.206531148784E-01  0.282565660143E-02
  0.210053264137E-01  0.292128043146E-02
  0.213634573325E-01  0.302008803487E-02
  0.217276071178E-01  0.312218356315E-02
  0.220978769247E-01  0.322767449354E-02
  0.224743696084E-01  0.333667173129E-02
  0.228571897524E-01  0.344928971475E-02
  0.232464436983E-01  0.356564652360E-02
  0.236422395746E-01  0.368586399001E-02
  0.240446873271E-01  0.381006781307E-02
  0.244538987496E-01  0.393838767641E-02
  0.248699875144E-01  0.407095736915E-02
  0.252930692045E-01  0.420791491022E-02
  0.257232613452E-01  0.434940267618E-02
  0.261606834372E-01  0.449556753257E-02
  0.266054569893E-01  0.464656096891E-02
  0.270577055528E-01  0.480253923743E-02
  0.275175547550E-01  0.496366349554E-02
  0.279851323348E-01  0.513009995231E-02
  0.284605681779E-01  0.530202001877E-02
  0.289439943529E-01  0.547960046240E-02
  0.294355451479E-01  0.566302356570E-02
  0.299353571080E-01  0.585247728897E-02
  0.304435690729E-01  0.604815543752E-02
  0.309603222161E-01  0.625025783314E-02
  0.314857600833E-01  0.645899049018E-02
  0.320200286330E-01  0.667456579620E-02
  0.325632762763E-01  0.689720269719E-02
  0.331156539191E-01  0.712712688773E-02
  0.336773150030E-01  0.736457100581E-02
  0.342484155487E-01  0.760977483275E-02
  0.348291141988E-01  0.786298549799E-02
  0.354195722623E-01  0.812445768914E-02
  0.360199537590E-01  0.839445386707E-02
  0.366304254656E-01  0.867324448643E-02
  0.372511569614E-01  0.896110822134E-02
  0.378823206757E-01  0.925833219672E-02
  0.385240919360E-01  0.956521222494E-02
  0.391766490161E-01  0.988205304822E-02
  0.398401731861E-01  0.102091685866E-01
  0.405148487625E-01  0.105468821915E-01
  0.412008631595E-01  0.108955269055E-01
  0.418984069412E-01  0.112554457275E-01
  0.426076738741E-01  0.116269918842E-01
  0.433288609814E-01  0.120105291068E-01
  0.440621685975E-01  0.124064319151E-01
  0.448078004237E-01  0.128150859062E-01
  0.455659635847E-01  0.132368880498E-01
  0.463368686863E-01  0.136722469905E-01
  0.471207298737E-01  0.141215833545E-01
  0.479177648911E-01  0.145853300642E-01
  0.487281951425E-01  0.150639326580E-01
  0.495522457524E-01  0.155578496161E-01
  0.503901456291E-01  0.160675526934E-01
  0.512421275279E-01  0.165935272575E-01
  0.521084281160E-01  0.171362726338E-01
  0.529892880380E-01  0.176963024553E-01
  0.538849519829E-01  0.182741450202E-01
  0.547956687520E-01  0.188703436537E-01
  0.557216913280E-01  0.194854570765E-01
  0.566632769453E-01  0.201200597791E-01
  0.576206871616E-01  0.207747424015E-01
  0.585941879303E-01  0.214501121182E-01
  0.595840496746E-01  0.221467930287E-01
  0.605905473624E-01  0.228654265533E-01
  0.616139605828E-01  0.236066718335E-01
  0.626545736240E-01  0.243712061372E-01
  0.637126755517E-01  0.251597252687E-01
  0.647885602900E-01  0.259729439821E-01
  0.658825267027E-01  0.268115963995E-01
  0.669948786764E-01  0.276764364320E-01
  0.681259252048E-01  0.285682382044E-01
  0.692759804748E-01  0.294877964821E-01
  0.704453639537E-01  0.304359271008E-01
  0.716344004777E-01  0.314134673980E-01
  0.728434203424E-01  0.324212766455E-01
  0.740727593943E-01  0.334602364831E-01
  0.753227591245E-01  0.345312513520E-01
  0.765937667631E-01  0.356352489282E-01
  0.778861353761E-01  0.367731805543E-01
  0.792002239629E-01  0.379460216696E-01
  0.805363975567E-01  0.391547722374E-01
  0.818950273254E-01  0.404004571685E-01
  0.832764906748E-01  0.416841267403E-01
  0.846811713537E-01  0.430068570101E-01
  0.861094595601E-01  0.443697502220E-01
  0.875617520501E-01  0.457739352060E-01
  0.890384522474E-01  0.472205677673E-01
  0.905399703562E-01  0.487108310664E-01
  0.920667234743E-01  0.502459359867E-01
  0.936191357098E-01  0.518271214889E-01
  0.951976382982E-01  0.534556549504E-01
  0.968026697226E-01  0.551328324888E-01
  0.984346758355E-01  0.568599792663E-01
  0.100094109982E+00  0.586384497740E-01
  0.101781433127E+00  0.604696280942E-01
  0.103497113983E+00  0.623549281378E-01
  0.105241629138E+00  0.642957938552E-01
  0.107015463191E+00  0.662936994175E-01
  0.108819108885E+00  0.683501493664E-01
  0.110653067244E+00  0.704666787291E-01
  0.112517847714E+00  0.726448530960E-01
  0.114413968300E+00  0.748862686576E-01
  0.116341955715E+00  0.771925521974E-01
  0.118302345524E+00  0.795653610378E-01
  0.120295682291E+00  0.820063829346E-01
  0.122322519735E+00  0.845173359172E-01
  0.124383420879E+00  0.870999680689E-01
  0.126478958208E+00  0.897560572451E-01
  0.128609713830E+00  0.924874107220E-01
  0.130776279634E+00  0.952958647742E-01
  0.132979257460E+00  0.981832841730E-01
  0.135219259258E+00  0.101151561602E+00
  0.137496907267E+00  0.104202616985E+00
  0.139812834181E+00  0.107338396715E+00
  0.142167683328E+00  0.110560872785E+00
  0.144562108847E+00  0.113872041812E+00
  0.146996775873E+00  0.117273923941E+00
  0.149472360717E+00  0.120768561628E+00
  0.151989551058E+00  0.124358018297E+00
  0.154549046132E+00  0.128044376849E+00
  0.157151556925E+00  0.131829738032E+00
  0.159797806375E+00  0.135716218647E+00
  0.162488529567E+00  0.139705949594E+00
  0.165224473942E+00  0.143801073731E+00
  0.168006399502E+00  0.148003743556E+00
  0.170835079022E+00  0.152316118681E+00
  0.173711298265E+00  0.156740363100E+00
  0.176635856199E+00  0.161278642227E+00
  0.179609565219E+00  0.165933119701E+00
  0.182633251376E+00  0.170705953938E+00
  0.185707754601E+00  0.175599294414E+00
  0.188833928944E+00  0.180615277667E+00
  0.192012642805E+00  0.185756023000E+00
  0.195244779181E+00  0.191023627870E+00
  0.198531235910E+00  0.196420162936E+00
  0.201872925916E+00  0.201947666758E+00
  0.205270777468E+00  0.207608140120E+00
  0.208725734436E+00  0.213403539958E+00
  0.212238756552E+00  0.219335772870E+00
  0.215810819679E+00  0.225406688179E+00
  0.219442916078E+00  0.231618070541E+00
  0.223136054690E+00  0.237971632041E+00
  0.226891261409E+00  0.244469003791E+00
  0.230709579374E+00  0.251111726957E+00
  0.234592069251E+00  0.257901243218E+00
  0.238539809536E+00  0.264838884613E+00
  0.242553896849E+00  0.271925862730E+00
  0.246635446239E+00  0.279163257227E+00
  0.250785591496E+00  0.286552003623E+00
  0.255005485466E+00  0.294092880336E+00
  0.259296300369E+00  0.301786494917E+00
  0.263659228124E+00  0.309633269447E+00
  0.268095480684E+00  0.317633425032E+00
  0.272606290371E+00  0.325786965374E+00
  0.277192910215E+00  0.334093659345E+00
  0.281856614308E+00  0.342553022526E+00
  0.286598698153E+00  0.351164297642E+00
  0.291420479026E+00  0.359926433851E+00
  0.296323296341E+00  0.368838064806E+00
  0.301308512023E+00  0.377897485449E+00
  0.306377510888E+00  0.387102627439E+00
  0.311531701022E+00  0.396451033179E+00
  0.316772514178E+00  0.405939828332E+00
  0.322101406172E+00  0.415565692778E+00
  0.327519857285E+00  0.425324829904E+00
  0.333029372678E+00  0.435212934166E+00
  0.338631482807E+00  0.445225156810E+00
  0.344327743849E+00  0.455356069676E+00
  0.350119738137E+00  0.465599626968E+00
  0.356009074594E+00  0.475949124911E+00
  0.361997389185E+00  0.486397159152E+00
  0.368086345370E+00  0.496935579831E+00
  0.374277634564E+00  0.507555444169E+00
  0.380572976610E+00  0.518246966463E+00
  0.386974120254E+00  0.528999465363E+00
  0.393482843633E+00  0.539801308283E+00
  0.400100954768E+00  0.550639852801E+00
  0.406830292065E+00  0.561501384921E+00
  0.413672724828E+00  0.572371054004E+00
  0.420630153776E+00  0.583232804244E+00
  0.427704511574E+00  0.594069302477E+00
  0.434897763366E+00  0.604861862185E+00
  0.442211907325E+00  0.615590363469E+00
  0.449648975203E+00  0.626233168827E+00
  0.457211032902E+00  0.636767034502E+00
  0.464900181040E+00  0.647167017218E+00
  0.472718555543E+00  0.657406376040E+00
  0.480668328230E+00  0.667456469169E+00
  0.488751707424E+00  0.677286645370E+00
  0.496970938559E+00  0.686864129838E+00
  0.505328304808E+00  0.696153904167E+00
  0.513826127715E+00  0.705118580201E+00
  0.522466767842E+00  0.713718267403E+00
  0.531252625421E+00  0.721910433510E+00
  0.540186141026E+00  0.729649758054E+00
  0.549269796245E+00  0.736887978504E+00
  0.558506114375E+00  0.743573728571E+00
  0.567897661119E+00  0.749652368390E+00
  0.577447045301E+00  0.755065806095E+00
  0.587156919588E+00  0.759752310443E+00
  0.597029981230E+00  0.763646313979E+00
  0.607068972808E+00  0.766678206346E+00
  0.617276682996E+00  0.768774117180E+00
  0.627655947333E+00  0.769855688153E+00
  0.638209649016E+00  0.769839833541E+00
  0.648940719696E+00  0.768638488847E+00
  0.659852140296E+00  0.766158346774E+00
  0.670946941835E+00  0.762300580027E+00
  0.682228206274E+00  0.756960550205E+00
  0.693699067371E+00  0.750027502160E+00
  0.705362711549E+00  0.741384243053E+00
  0.717222378785E+00  0.730906805412E+00
  0.729281363506E+00  0.718464093368E+00
  0.741543015509E+00  0.703917511311E+00
  0.754010740886E+00  0.687120574093E+00
  0.766688002976E+00  0.667918497970E+00
  0.779578323320E+00  0.646147771361E+00
  0.792685282647E+00  0.621635704584E+00
  0.806012521863E+00  0.594199957620E+00
  0.819563743064E+00  0.563648045030E+00
  0.833342710566E+00  0.529776817086E+00
  0.847353251947E+00  0.492371916211E+00
  0.861599259117E+00  0.451207207811E+00
  0.876084689389E+00  0.406044184608E+00
  0.890813566589E+00  0.356631343559E+00
  0.905789982164E+00  0.302703534501E+00
  0.921018096329E+00  0.243981279632E+00
  0.936502139210E+00  0.180170062960E+00
  0.952246412033E+00  0.110959588849E+00
  0.968255288305E+00  0.360230087745E-01
  0.984533215042E+00 -0.449838846158E-01
  0.100108471399E+01 -0.132423497098E+00
  0.101791438290E+01 -0.226677307123E+00
  0.103502689679E+01 -0.328146775808E+00
  0.105242700924E+01 -0.437254293842E+00
  0.107011955373E+01 -0.554444166575E+00
  0.108810944497E+01 -0.680183638688E+00
  0.110640168026E+01 -0.814963959887E+00
  0.112500134090E+01 -0.959301493261E+00
  0.114391359358E+01 -0.111373886780E+01
  0.116314369183E+01 -0.127884617682E+01
  0.118269697747E+01 -0.145522222358E+01
  0.120257888208E+01 -0.164349581573E+01
  0.122279492855E+01 -0.184432710925E+01
  0.124335073258E+01 -0.205840900305E+01
  0.126425200424E+01 -0.228646858423E+01
  0.128550454958E+01 -0.252926862485E+01
  0.130711427221E+01 -0.278760913061E+01
  0.132908717499E+01 -0.306232894446E+01
  0.135142936163E+01 -0.335430741094E+01
  0.137414703843E+01 -0.366446611580E+01
  0.139724651603E+01 -0.399377072754E+01
  0.142073421107E+01 -0.434323299229E+01
  0.144461664807E+01 -0.471391296841E+01
  0.146890046121E+01 -0.510692164533E+01
  0.149359239612E+01 -0.552342416828E+01
  0.151869931186E+01 -0.596464399683E+01
  0.154422818271E+01 -0.643186844025E+01
  0.157018610021E+01 -0.692645611908E+01
  0.159658027504E+01 -0.744984691923E+01
  0.162341803909E+01 -0.800357483418E+01
  0.165070684748E+01 -0.858928353842E+01
  0.167845428059E+01 -0.920874341657E+01
  0.170666804623E+01 -0.986386693040E+01
  0.173535598174E+01 -0.105567168641E+02
  0.176452605617E+01 -0.112895001457E+02
  0.179418637251E+01 -0.120645409399E+02
  0.182434516992E+01 -0.128842334060E+02
  0.185501082605E+01 -0.137509868264E+02
  0.188619185932E+01 -0.146671859829E+02
  0.191789693135E+01 -0.156351860481E+02
  0.195013484928E+01 -0.166573428898E+02
  0.198291456832E+01 -0.177360618490E+02
  0.201624519415E+01 -0.188738447246E+02
  transformed atomic waves - 
