            2
          529            1
  0.000000000000E+00  0.000000000000E+00
  0.510846319546E-05 -0.108812635148E-09
  0.103027809112E-04 -0.442596239373E-09
  0.155843960465E-04 -0.101269518015E-08
  0.209547757508E-04 -0.183090084542E-08
  0.264154118307E-04 -0.290946784581E-08
  0.319678211647E-04 -0.426113078369E-08
  0.376135461243E-04 -0.589912160858E-08
  0.433541550030E-04 -0.783718757903E-08
  0.491912424510E-04 -0.100896098519E-07
  0.551264299192E-04 -0.126712227208E-07
  0.611613661089E-04 -0.155974335251E-07
  0.672977274301E-04 -0.188842432545E-07
  0.735372184670E-04 -0.225482678703E-07
  0.798815724517E-04 -0.266067603711E-07
  0.863325517456E-04 -0.310776336257E-07
  0.928919483287E-04 -0.359794840012E-07
  0.995615842980E-04 -0.413316158136E-07
  0.106343312373E-03 -0.471540666278E-07
  0.113239016411E-03 -0.534676334383E-07
  0.120250611928E-03 -0.602938997580E-07
  0.127380046637E-03 -0.676552636497E-07
  0.134629300981E-03 -0.755749667290E-07
  0.142000388688E-03 -0.840771241749E-07
  0.149495357331E-03 -0.931867557811E-07
  0.157116288893E-03 -0.102929818084E-06
  0.164865300349E-03 -0.113333237603E-06
  0.172744544251E-03 -0.124424945237E-06
  0.180756209330E-03 -0.136233911844E-06
  0.188902521099E-03 -0.148790185064E-06
  0.197185742474E-03 -0.162124927403E-06
  0.205608174405E-03 -0.176270455647E-06
  0.214172156510E-03 -0.191260281633E-06
  0.222880067727E-03 -0.207129154426E-06
  0.231734326977E-03 -0.223913103965E-06
  0.240737393834E-03 -0.241649486202E-06
  0.249891769206E-03 -0.260377029817E-06
  0.259199996036E-03 -0.280135884531E-06
  0.268664660001E-03 -0.300967671093E-06
  0.278288390236E-03 -0.322915532996E-06
  0.288073860060E-03 -0.346024189968E-06
  0.298023787723E-03 -0.370339993318E-06
  0.308140937158E-03 -0.395910983177E-06
  0.318428118749E-03 -0.422786947727E-06
  0.328888190112E-03 -0.451019484458E-06
  0.339524056891E-03 -0.480662063543E-06
  0.350338673561E-03 -0.511770093393E-06
  0.361335044251E-03 -0.544400988467E-06
  0.372516223580E-03 -0.578614239419E-06
  0.383885317504E-03 -0.614471485657E-06
  0.395445484175E-03 -0.652036590401E-06
  0.407199934828E-03 -0.691375718314E-06
  0.419151934661E-03 -0.732557415817E-06
  0.431304803753E-03 -0.775652694149E-06
  0.443661917977E-03 -0.820735115291E-06
  0.456226709946E-03 -0.867880880843E-06
  0.469002669960E-03 -0.917168923946E-06
  0.481993346979E-03 -0.968681004371E-06
  0.495202349607E-03 -0.102250180687E-05
  0.508633347098E-03 -0.107871904288E-05
  0.522290070371E-03 -0.113742355579E-05
  0.536176313046E-03 -0.119870942970E-05
  0.550295932504E-03 -0.126267410204E-05
  0.564652850951E-03 -0.132941847997E-05
  0.579251056513E-03 -0.139904706077E-05
  0.594094604341E-03 -0.147166805643E-05
  0.609187617738E-03 -0.154739352242E-05
  0.624534289304E-03 -0.162633949094E-05
  0.640138882103E-03 -0.170862610871E-05
  0.656005730845E-03 -0.179437777948E-05
  0.672139243088E-03 -0.188372331140E-05
  0.688543900468E-03 -0.197679606951E-05
  0.705224259940E-03 -0.207373413338E-05
  0.722184955045E-03 -0.217468046013E-05
  0.739430697195E-03 -0.227978305315E-05
  0.756966276985E-03 -0.238919513646E-05
  0.774796565523E-03 -0.250307533510E-05
  0.792926515781E-03 -0.262158786168E-05
  0.811361163972E-03 -0.274490270933E-05
  0.830105630952E-03 -0.287319585124E-05
  0.849165123637E-03 -0.300664944698E-05
  0.868544936453E-03 -0.314545205595E-05
  0.888250452805E-03 -0.328979885807E-05
  0.908287146576E-03 -0.343989188206E-05
  0.928660583643E-03 -0.359594024144E-05
  0.949376423424E-03 -0.375816037872E-05
  0.970440420452E-03 -0.392677631780E-05
  0.991858425974E-03 -0.410201992513E-05
  0.101363638957E-02 -0.428413117963E-05
  0.103578036082E-02 -0.447335845198E-05
  0.105829649097E-02 -0.466995879338E-05
  0.108119103464E-02 -0.487419823413E-05
  0.110447035157E-02 -0.508635209251E-05
  0.112814090840E-02 -0.530670529409E-05
  0.115220928042E-02 -0.553555270203E-05
  0.117668215346E-02 -0.577319945857E-05
  0.120156632569E-02 -0.601996133828E-05
  0.122686870953E-02 -0.627616511323E-05
  0.125259633360E-02 -0.654214893076E-05
  0.127875634462E-02 -0.681826270400E-05
  0.130535600943E-02 -0.710486851582E-05
  0.133240271699E-02 -0.740234103651E-05
  0.135990398045E-02 -0.771106795568E-05
  0.138786743924E-02 -0.803145042894E-05
  0.141630086115E-02 -0.836390353979E-05
  0.144521214454E-02 -0.870885677723E-05
  0.147460932052E-02 -0.906675452966E-05
  0.150450055514E-02 -0.943805659568E-05
  0.153489415174E-02 -0.982323871218E-05
  0.156579855315E-02 -0.102227931005E-04
  0.159722234415E-02 -0.106372290313E-04
  0.162917425376E-02 -0.110670734084E-04
  0.166166315772E-02 -0.115128713728E-04
  0.169469808094E-02 -0.119751869271E-04
  0.172828819999E-02 -0.124546035812E-04
  0.176244284567E-02 -0.129517250201E-04
  0.179717150562E-02 -0.134671757945E-04
  0.183248382690E-02 -0.140016020345E-04
  0.186838961872E-02 -0.145556721882E-04
  0.190489885514E-02 -0.151300777850E-04
  0.194202167784E-02 -0.157255342248E-04
  0.197976839897E-02 -0.163427815949E-04
  0.201814950397E-02 -0.169825855136E-04
  0.205717565450E-02 -0.176457380031E-04
  0.209685769141E-02 -0.183330583921E-04
  0.213720663774E-02 -0.190453942493E-04
  0.217823370179E-02 -0.197836223477E-04
  0.221995028024E-02 -0.205486496634E-04
  0.226236796128E-02 -0.213414144066E-04
  0.230549852789E-02 -0.221628870888E-04
  0.234935396105E-02 -0.230140716259E-04
  0.239394644311E-02 -0.238960064793E-04
  0.243928836116E-02 -0.248097658347E-04
  0.248539231046E-02 -0.257564608225E-04
  0.253227109796E-02 -0.267372407783E-04
  0.257993774586E-02 -0.277532945474E-04
  0.262840549518E-02 -0.288058518328E-04
  0.267768780952E-02 -0.298961845895E-04
  0.272779837871E-02 -0.310256084661E-04
  0.277875112269E-02 -0.321954842955E-04
  0.283056019531E-02 -0.334072196362E-04
  0.288323998833E-02 -0.346622703658E-04
  0.293680513535E-02 -0.359621423289E-04
  0.299127051593E-02 -0.373083930413E-04
  0.304665125969E-02 -0.387026334514E-04
  0.310296275053E-02 -0.401465297618E-04
  0.316022063089E-02 -0.416418053134E-04
  0.321844080610E-02 -0.431902425325E-04
  0.327763944881E-02 -0.447936849445E-04
  0.333783300347E-02 -0.464540392567E-04
  0.339903819090E-02 -0.481732775104E-04
  0.346127201292E-02 -0.499534393075E-04
  0.352455175712E-02 -0.517966341122E-04
  0.358889500161E-02 -0.537050436306E-04
  0.365431961993E-02 -0.556809242715E-04
  0.372084378599E-02 -0.577266096909E-04
  0.378848597917E-02 -0.598445134226E-04
  0.385726498940E-02 -0.620371315982E-04
  0.392719992239E-02 -0.643070457596E-04
  0.399831020498E-02 -0.666569257669E-04
  0.407061559046E-02 -0.690895328054E-04
  0.414413616415E-02 -0.716077224937E-04
  0.421889234888E-02 -0.742144480990E-04
  0.429490491076E-02 -0.769127638595E-04
  0.437219496486E-02 -0.797058284217E-04
  0.445078398115E-02 -0.825969083927E-04
  0.453069379041E-02 -0.855893820138E-04
  0.461194659032E-02 -0.886867429592E-04
  0.469456495164E-02 -0.918926042628E-04
  0.477857182443E-02 -0.952107023786E-04
  0.486399054448E-02 -0.986449013791E-04
  0.495084483977E-02 -0.102199197296E-03
  0.503915883703E-02 -0.105877722609E-03
  0.512895706851E-02 -0.109684750884E-03
  0.522026447874E-02 -0.113624701574E-03
  0.531310643146E-02 -0.117702144976E-03
  0.540750871672E-02 -0.121921807362E-03
  0.550349755798E-02 -0.126288576284E-03
  0.560109961941E-02 -0.130807506051E-03
  0.570034201334E-02 -0.135483823402E-03
  0.580125230773E-02 -0.140322933367E-03
  0.590385853386E-02 -0.145330425325E-03
  0.600818919413E-02 -0.150512079268E-03
  0.611427326994E-02 -0.155873872283E-03
  0.622214022979E-02 -0.161421985246E-03
  0.633182003739E-02 -0.167162809746E-03
  0.644334316008E-02 -0.173102955248E-03
  0.655674057722E-02 -0.179249256490E-03
  0.667204378881E-02 -0.185608781139E-03
  0.678928482427E-02 -0.192188837702E-03
  0.690849625131E-02 -0.198996983709E-03
  0.702971118498E-02 -0.206041034166E-03
  0.715296329687E-02 -0.213329070303E-03
  0.727828682447E-02 -0.220869448614E-03
  0.740571658069E-02 -0.228670810203E-03
  0.753528796348E-02 -0.236742090448E-03
  0.766703696575E-02 -0.245092528993E-03
  0.780100018528E-02 -0.253731680076E-03
  0.793721483493E-02 -0.262669423212E-03
  0.807571875299E-02 -0.271915974230E-03
  0.821655041365E-02 -0.281481896689E-03
  0.835974893773E-02 -0.291378113683E-03
  0.850535410352E-02 -0.301615920037E-03
  0.865340635783E-02 -0.312206994929E-03
  0.880394682725E-02 -0.323163414924E-03
  0.895701732952E-02 -0.334497667461E-03
  0.911266038523E-02 -0.346222664793E-03
  0.927091922956E-02 -0.358351758398E-03
  0.943183782431E-02 -0.370898753875E-03
  0.959546087013E-02 -0.383877926352E-03
  0.976183381892E-02 -0.397304036408E-03
  0.993100288645E-02 -0.411192346536E-03
  0.101030150652E-01 -0.425558638163E-03
  0.102779181375E-01 -0.440419229249E-03
  0.104557606886E-01 -0.455790992472E-03
  0.106365921204E-01 -0.471691374040E-03
  0.108204626649E-01 -0.488138413129E-03
  0.110074233986E-01 -0.505150761986E-03
  0.111975262561E-01 -0.522747706703E-03
  0.113908240451E-01 -0.540949188701E-03
  0.115873704606E-01 -0.559775826936E-03
  0.117872201000E-01 -0.579248940858E-03
  0.119904284786E-01 -0.599390574140E-03
  0.121970520442E-01 -0.620223519216E-03
  0.124071481938E-01 -0.641771342641E-03
  0.126207752887E-01 -0.664058411315E-03
  0.128379926712E-01 -0.687109919580E-03
  0.130588606807E-01 -0.710951917250E-03
  0.132834406709E-01 -0.735611338565E-03
  0.135117950267E-01 -0.761116032143E-03
  0.137439871812E-01 -0.787494791927E-03
  0.139800816338E-01 -0.814777389183E-03
  0.142201439678E-01 -0.842994605579E-03
  0.144642408686E-01 -0.872178267372E-03
  0.147124401427E-01 -0.902361280753E-03
  0.149648107357E-01 -0.933577668381E-03
  0.152214227523E-01 -0.965862607152E-03
  0.154823474752E-01 -0.999252467233E-03
  0.157476573852E-01 -0.103378485241E-02
  0.160174261812E-01 -0.106949864183E-02
  0.162917288008E-01 -0.110643403304E-02
  0.165706414408E-01 -0.114463258667E-02
  0.168542415787E-01 -0.118413727237E-02
  0.171426079943E-01 -0.122499251653E-02
  0.174358207911E-01 -0.126724425144E-02
  0.177339614191E-01 -0.131093996616E-02
  0.180371126970E-01 -0.135612875911E-02
  0.183453588353E-01 -0.140286139245E-02
  0.186587854602E-01 -0.145119034816E-02
  0.189774796364E-01 -0.150116988620E-02
  0.193015298923E-01 -0.155285610443E-02
  0.196310262438E-01 -0.160630700067E-02
  0.199660602199E-01 -0.166158253678E-02
  0.203067248877E-01 -0.171874470492E-02
  0.206531148784E-01 -0.177785759597E-02
  0.210053264137E-01 -0.183898747034E-02
  0.213634573325E-01 -0.190220283104E-02
  0.217276071178E-01 -0.196757449931E-02
  0.220978769247E-01 -0.203517569265E-02
  0.224743696084E-01 -0.210508210557E-02
  0.228571897524E-01 -0.217737199298E-02
  0.232464436983E-01 -0.225212625638E-02
  0.236422395746E-01 -0.232942853293E-02
  0.240446873271E-01 -0.240936528745E-02
  0.244538987496E-01 -0.249202590759E-02
  0.248699875144E-01 -0.257750280202E-02
  0.252930692045E-01 -0.266589150204E-02
  0.257232613452E-01 -0.275729076646E-02
  0.261606834372E-01 -0.285180269002E-02
  0.266054569893E-01 -0.294953281539E-02
  0.270577055528E-01 -0.305059024893E-02
  0.275175547550E-01 -0.315508778024E-02
  0.279851323348E-01 -0.326314200567E-02
  0.284605681779E-01 -0.337487345598E-02
  0.289439943529E-01 -0.349040672818E-02
  0.294355451479E-01 -0.360987062173E-02
  0.299353571080E-01 -0.373339827926E-02
  0.304435690729E-01 -0.386112733192E-02
  0.309603222161E-01 -0.399320004951E-02
  0.314857600833E-01 -0.412976349562E-02
  0.320200286330E-01 -0.427096968777E-02
  0.325632762763E-01 -0.441697576294E-02
  0.331156539191E-01 -0.456794414843E-02
  0.336773150030E-01 -0.472404273836E-02
  0.342484155487E-01 -0.488544507598E-02
  0.348291141988E-01 -0.505233054195E-02
  0.354195722623E-01 -0.522488454870E-02
  0.360199537590E-01 -0.540329874119E-02
  0.366304254656E-01 -0.558777120427E-02
  0.372511569614E-01 -0.577850667664E-02
  0.378823206757E-01 -0.597571677194E-02
  0.385240919360E-01 -0.617962020684E-02
  0.391766490161E-01 -0.639044303670E-02
  0.398401731861E-01 -0.660841889868E-02
  0.405148487625E-01 -0.683378926286E-02
  0.412008631595E-01 -0.706680369130E-02
  0.418984069412E-01 -0.730772010559E-02
  0.426076738741E-01 -0.755680506289E-02
  0.433288609814E-01 -0.781433404082E-02
  0.440621685975E-01 -0.808059173154E-02
  0.448078004237E-01 -0.835587234514E-02
  0.455659635847E-01 -0.864047992272E-02
  0.463368686863E-01 -0.893472865944E-02
  0.471207298737E-01 -0.923894323776E-02
  0.479177648911E-01 -0.955345917127E-02
  0.487281951425E-01 -0.987862315935E-02
  0.495522457524E-01 -0.102147934529E-01
  0.503901456291E-01 -0.105623402319E-01
  0.512421275279E-01 -0.109216459939E-01
  0.521084281160E-01 -0.112931059559E-01
  0.529892880380E-01 -0.116771284676E-01
  0.538849519829E-01 -0.120741354382E-01
  0.547956687520E-01 -0.124845627756E-01
  0.557216913280E-01 -0.129088608401E-01
  0.566632769453E-01 -0.133474949112E-01
  0.576206871616E-01 -0.138009456689E-01
  0.585941879303E-01 -0.142697096898E-01
  0.595840496746E-01 -0.147542999579E-01
  0.605905473624E-01 -0.152552463912E-01
  0.616139605828E-01 -0.157730963836E-01
  0.626545736240E-01 -0.163084153635E-01
  0.637126755517E-01 -0.168617873685E-01
  0.647885602900E-01 -0.174338156375E-01
  0.658825267027E-01 -0.180251232199E-01
  0.669948786764E-01 -0.186363536024E-01
  0.681259252048E-01 -0.192681713550E-01
  0.692759804748E-01 -0.199212627941E-01
  0.704453639537E-01 -0.205963366661E-01
  0.716344004777E-01 -0.212941248492E-01
  0.728434203424E-01 -0.220153830758E-01
  0.740727593943E-01 -0.227608916750E-01
  0.753227591245E-01 -0.235314563353E-01
  0.765937667631E-01 -0.243279088890E-01
  0.778861353761E-01 -0.251511081175E-01
  0.792002239629E-01 -0.260019405781E-01
  0.805363975567E-01 -0.268813214540E-01
  0.818950273254E-01 -0.277901954257E-01
  0.832764906748E-01 -0.287295375654E-01
  0.846811713537E-01 -0.297003542554E-01
  0.861094595601E-01 -0.307036841285E-01
  0.875617520501E-01 -0.317405990333E-01
  0.890384522474E-01 -0.328122050227E-01
  0.905399703562E-01 -0.339196433672E-01
  0.920667234743E-01 -0.350640915918E-01
  0.936191357098E-01 -0.362467645378E-01
  0.951976382982E-01 -0.374689154491E-01
  0.968026697226E-01 -0.387318370836E-01
  0.984346758355E-01 -0.400368628481E-01
  0.100094109982E+00 -0.413853679594E-01
  0.101781433127E+00 -0.427787706283E-01
  0.103497113983E+00 -0.442185332694E-01
  0.105241629138E+00 -0.457061637339E-01
  0.107015463191E+00 -0.472432165669E-01
  0.108819108885E+00 -0.488312942879E-01
  0.110653067244E+00 -0.504720486940E-01
  0.112517847714E+00 -0.521671821855E-01
  0.114413968300E+00 -0.539184491131E-01
  0.116341955715E+00 -0.557276571461E-01
  0.118302345524E+00 -0.575966686598E-01
  0.120295682291E+00 -0.595274021423E-01
  0.122322519735E+00 -0.615218336176E-01
  0.124383420879E+00 -0.635819980864E-01
  0.126478958208E+00 -0.657099909790E-01
  0.128609713830E+00 -0.679079696234E-01
  0.130776279634E+00 -0.701781547211E-01
  0.132979257460E+00 -0.725228318338E-01
  0.135219259258E+00 -0.749443528742E-01
  0.137496907267E+00 -0.774451376004E-01
  0.139812834181E+00 -0.800276751106E-01
  0.142167683328E+00 -0.826945253337E-01
  0.144562108847E+00 -0.854483205140E-01
  0.146996775873E+00 -0.882917666840E-01
  0.149472360717E+00 -0.912276451218E-01
  0.151989551058E+00 -0.942588137890E-01
  0.154549046132E+00 -0.973882087424E-01
  0.157151556925E+00 -0.100618845515E+00
  0.159797806375E+00 -0.103953820458E+00
  0.162488529567E+00 -0.107396312044E+00
  0.165224473942E+00 -0.110949582108E+00
  0.168006399502E+00 -0.114616977043E+00
  0.170835079022E+00 -0.118401928916E+00
  0.173711298265E+00 -0.122307956512E+00
  0.176635856199E+00 -0.126338666289E+00
  0.179609565219E+00 -0.130497753240E+00
  0.182633251376E+00 -0.134789001634E+00
  0.185707754601E+00 -0.139216285647E+00
  0.188833928944E+00 -0.143783569850E+00
  0.192012642805E+00 -0.148494909547E+00
  0.195244779181E+00 -0.153354450949E+00
  0.198531235910E+00 -0.158366431165E+00
  0.201872925916E+00 -0.163535177988E+00
  0.205270777468E+00 -0.168865109467E+00
  0.208725734436E+00 -0.174360733233E+00
  0.212238756552E+00 -0.180026645561E+00
  0.215810819679E+00 -0.185867530153E+00
  0.219442916078E+00 -0.191888156595E+00
  0.223136054690E+00 -0.198093378488E+00
  0.226891261409E+00 -0.204488131199E+00
  0.230709579374E+00 -0.211077429221E+00
  0.234592069251E+00 -0.217866363094E+00
  0.238539809536E+00 -0.224860095860E+00
  0.242553896849E+00 -0.232063859014E+00
  0.246635446239E+00 -0.239482947907E+00
  0.250785591496E+00 -0.247122716560E+00
  0.255005485466E+00 -0.254988571849E+00
  0.259296300369E+00 -0.263085967005E+00
  0.263659228124E+00 -0.271420394380E+00
  0.268095480684E+00 -0.279997377433E+00
  0.272606290371E+00 -0.288822461865E+00
  0.277192910215E+00 -0.297901205854E+00
  0.281856614308E+00 -0.307239169320E+00
  0.286598698153E+00 -0.316841902152E+00
  0.291420479026E+00 -0.326714931328E+00
  0.296323296341E+00 -0.336863746852E+00
  0.301308512023E+00 -0.347293786423E+00
  0.306377510888E+00 -0.358010418757E+00
  0.311531701022E+00 -0.369018925472E+00
  0.316772514178E+00 -0.380324481446E+00
  0.322101406172E+00 -0.391932133538E+00
  0.327519857285E+00 -0.403846777586E+00
  0.333029372678E+00 -0.416073133563E+00
  0.338631482807E+00 -0.428615718780E+00
  0.344327743849E+00 -0.441478819017E+00
  0.350119738137E+00 -0.454666457470E+00
  0.356009074594E+00 -0.468182361368E+00
  0.361997389185E+00 -0.482029926137E+00
  0.368086345370E+00 -0.496212176973E+00
  0.374277634564E+00 -0.510731727676E+00
  0.380572976610E+00 -0.525590736597E+00
  0.386974120254E+00 -0.540790859546E+00
  0.393482843633E+00 -0.556333199501E+00
  0.400100954768E+00 -0.572218252950E+00
  0.406830292065E+00 -0.588445852711E+00
  0.413672724828E+00 -0.605015107051E+00
  0.420630153776E+00 -0.621924334920E+00
  0.427704511574E+00 -0.639170997149E+00
  0.434897763366E+00 -0.656751623407E+00
  0.442211907325E+00 -0.674661734750E+00
  0.449648975203E+00 -0.692895761582E+00
  0.457211032902E+00 -0.711446956845E+00
  0.464900181040E+00 -0.730307304256E+00
  0.472718555543E+00 -0.749467421430E+00
  0.480668328230E+00 -0.768916457706E+00
  0.488751707424E+00 -0.788641986524E+00
  0.496970938559E+00 -0.808629892187E+00
  0.505328304808E+00 -0.828864250878E+00
  0.513826127715E+00 -0.849327205798E+00
  0.522466767842E+00 -0.869998836301E+00
  0.531252625421E+00 -0.890857020947E+00
  0.540186141026E+00 -0.911877294391E+00
  0.549269796245E+00 -0.933032698058E+00
  0.558506114375E+00 -0.954293624596E+00
  0.567897661119E+00 -0.975627656113E+00
  0.577447045301E+00 -0.996999396262E+00
  0.587156919588E+00 -0.101837029626E+01
  0.597029981230E+00 -0.103969847500E+01
  0.607068972808E+00 -0.106093853345E+01
  0.617276682996E+00 -0.108204136358E+01
  0.627655947333E+00 -0.110295395218E+01
  0.638209649016E+00 -0.112361917996E+01
  0.648940719696E+00 -0.114397561631E+01
  0.659852140296E+00 -0.116395731053E+01
  0.670946941835E+00 -0.118349357981E+01
  0.682228206274E+00 -0.120250879513E+01
  0.693699067371E+00 -0.122092216559E+01
  0.705362711549E+00 -0.123864752237E+01
  0.717222378785E+00 -0.125559310331E+01
  0.729281363506E+00 -0.127166133937E+01
  0.741543015509E+00 -0.128674864426E+01
  0.754010740886E+00 -0.130074520883E+01
  0.766688002976E+00 -0.131353480171E+01
  0.779578323320E+00 -0.132499457807E+01
  0.792685282647E+00 -0.133499489830E+01
  0.806012521863E+00 -0.134339915863E+01
  0.819563743064E+00 -0.135006363595E+01
  0.833342710566E+00 -0.135483734886E+01
  0.847353251947E+00 -0.135756193748E+01
  0.861599259117E+00 -0.135807156432E+01
  0.876084689389E+00 -0.135619283867E+01
  0.890813566589E+00 -0.135174476695E+01
  0.905789982164E+00 -0.134453873140E+01
  0.921018096329E+00 -0.133437849938E+01
  0.936502139210E+00 -0.132106026547E+01
  0.952246412033E+00 -0.130437272805E+01
  0.968255288305E+00 -0.128409720200E+01
  0.984533215042E+00 -0.126000776846E+01
  0.100108471399E+01 -0.123187146206E+01
  0.101791438290E+01 -0.119944849521E+01
  0.103502689679E+01 -0.116249251827E+01
  0.105242700924E+01 -0.112075091294E+01
  0.107011955373E+01 -0.107396511527E+01
  0.108810944497E+01 -0.102187096253E+01
  0.110640168026E+01 -0.964199056908E+00
  0.112500134090E+01 -0.900675136101E+00
  0.114391359358E+01 -0.831020438825E+00
  0.116314369183E+01 -0.754952050085E+00
  0.118269697747E+01 -0.672183207819E+00
  0.120257888208E+01 -0.582423548845E+00
  0.122279492855E+01 -0.485379267954E+00
  0.124335073258E+01 -0.380753159538E+00
  0.126425200424E+01 -0.268244506372E+00
  0.128550454958E+01 -0.147548775083E+00
  0.130711427221E+01 -0.183570725850E-01
  0.132908717499E+01  0.119644687494E+00
  0.135142936163E+01  0.266776964537E+00
  0.137414703843E+01  0.423368177583E+00
  0.139724651603E+01  0.589756763561E+00
  0.142073421107E+01  0.766293774273E+00
  0.144461664807E+01  0.953346079900E+00
  0.146890046121E+01  0.115130024453E+01
  0.149359239612E+01  0.136056713307E+01
  0.151869931186E+01  0.158158706747E+01
  0.154422818271E+01  0.181482692177E+01
  0.157018610021E+01  0.206076983927E+01
  0.159658027504E+01  0.231991252916E+01
  0.162341803909E+01  0.259276544461E+01
  0.165070684748E+01  0.287985285591E+01
  0.167845428059E+01  0.318171293173E+01
  0.170666804623E+01  0.349889784813E+01
  0.173535598174E+01  0.383197394507E+01
  0.176452605617E+01  0.418152195123E+01
  0.179418637251E+01  0.454813729797E+01
  0.182434516992E+01  0.493243054450E+01
  0.185501082605E+01  0.533502793547E+01
  0.188619185932E+01  0.575657211368E+01
  0.191789693135E+01  0.619772300882E+01
  0.195013484928E+01  0.665915892605E+01
  0.198291456832E+01  0.714157785579E+01
  0.201624519415E+01  0.764569903089E+01
          529            1
  0.000000000000E+00  0.000000000000E+00
  0.510846319546E-05 -0.274109568863E-09
  0.103027809112E-04 -0.111494252266E-08
  0.155843960465E-04 -0.255107554569E-08
  0.209547757508E-04 -0.461221073278E-08
  0.264154118307E-04 -0.732921632296E-08
  0.319678211647E-04 -0.107341688530E-07
  0.376135461243E-04 -0.148603967812E-07
  0.433541550030E-04 -0.197425256323E-07
  0.491912424510E-04 -0.254165247142E-07
  0.551264299192E-04 -0.319197554631E-07
  0.611613661089E-04 -0.392910214693E-07
  0.672977274301E-04 -0.475706202453E-07
  0.735372184670E-04 -0.568003967919E-07
  0.798815724517E-04 -0.670237990273E-07
  0.863325517456E-04 -0.782859351410E-07
  0.928919483287E-04 -0.906336329389E-07
  0.995615842980E-04 -0.104115501248E-06
  0.106343312373E-03 -0.118781993452E-06
  0.113239016411E-03 -0.134685473227E-06
  0.120250611928E-03 -0.151880282561E-06
  0.127380046637E-03 -0.170422812121E-06
  0.134629300981E-03 -0.190371574067E-06
  0.142000388688E-03 -0.211787277379E-06
  0.149495357331E-03 -0.234732905791E-06
  0.157116288893E-03 -0.259273798424E-06
  0.164865300349E-03 -0.285477733204E-06
  0.172744544251E-03 -0.313415013160E-06
  0.180756209330E-03 -0.343158555710E-06
  0.188902521099E-03 -0.374783985021E-06
  0.197185742474E-03 -0.408369727567E-06
  0.205608174405E-03 -0.443997110974E-06
  0.214172156510E-03 -0.481750466281E-06
  0.222880067727E-03 -0.521717233728E-06
  0.231734326977E-03 -0.563988072178E-06
  0.240737393834E-03 -0.608656972327E-06
  0.249891769206E-03 -0.655821373798E-06
  0.259199996036E-03 -0.705582286273E-06
  0.268664660001E-03 -0.758044414795E-06
  0.278288390236E-03 -0.813316289375E-06
  0.288073860060E-03 -0.871510399064E-06
  0.298023787723E-03 -0.932743330626E-06
  0.308140937158E-03 -0.997135911988E-06
  0.318428118749E-03 -0.106481336061E-05
  0.328888190112E-03 -0.113590543694E-05
  0.339524056891E-03 -0.121054660319E-05
  0.350338673561E-03 -0.128887618747E-05
  0.361335044251E-03 -0.137103855365E-05
  0.372516223580E-03 -0.145718327698E-05
  0.383885317504E-03 -0.154746532577E-05
  0.395445484175E-03 -0.164204524929E-05
  0.407199934828E-03 -0.174108937207E-05
  0.419151934661E-03 -0.184476999495E-05
  0.431304803753E-03 -0.195326560289E-05
  0.443661917977E-03 -0.206676108001E-05
  0.456226709946E-03 -0.218544793193E-05
  0.469002669960E-03 -0.230952451570E-05
  0.481993346979E-03 -0.243919627765E-05
  0.495202349607E-03 -0.257467599934E-05
  0.508633347098E-03 -0.271618405191E-05
  0.522290070371E-03 -0.286394865915E-05
  0.536176313046E-03 -0.301820616951E-05
  0.550295932504E-03 -0.317920133750E-05
  0.564652850951E-03 -0.334718761453E-05
  0.579251056513E-03 -0.352242744986E-05
  0.594094604341E-03 -0.370519260169E-05
  0.609187617738E-03 -0.389576445891E-05
  0.624534289304E-03 -0.409443437383E-05
  0.640138882103E-03 -0.430150400622E-05
  0.656005730845E-03 -0.451728567914E-05
  0.672139243088E-03 -0.474210274678E-05
  0.688543900468E-03 -0.497628997497E-05
  0.705224259940E-03 -0.522019393454E-05
  0.722184955045E-03 -0.547417340810E-05
  0.739430697195E-03 -0.573859981071E-05
  0.756966276985E-03 -0.601385762478E-05
  0.774796565523E-03 -0.630034484983E-05
  0.792926515781E-03 -0.659847346755E-05
  0.811361163972E-03 -0.690866992257E-05
  0.830105630952E-03 -0.723137561972E-05
  0.849165123637E-03 -0.756704743807E-05
  0.868544936453E-03 -0.791615826245E-05
  0.888250452805E-03 -0.827919753310E-05
  0.908287146576E-03 -0.865667181385E-05
  0.928660583643E-03 -0.904910537972E-05
  0.949376423424E-03 -0.945704082433E-05
  0.970440420452E-03 -0.988103968805E-05
  0.991858425974E-03 -0.103216831073E-04
  0.101363638957E-02 -0.107795724862E-04
  0.103578036082E-02 -0.112553301901E-04
  0.105829649097E-02 -0.117496002642E-04
  0.108119103464E-02 -0.122630491747E-04
  0.110447035157E-02 -0.127963665766E-04
  0.112814090840E-02 -0.133502661061E-04
  0.115220928042E-02 -0.139254862012E-04
  0.117668215346E-02 -0.145227909494E-04
  0.120156632569E-02 -0.151429709634E-04
  0.122686870953E-02 -0.157868442880E-04
  0.125259633360E-02 -0.164552573364E-04
  0.127875634462E-02 -0.171490858583E-04
  0.130535600943E-02 -0.178692359417E-04
  0.133240271699E-02 -0.186166450471E-04
  0.135990398045E-02 -0.193922830780E-04
  0.138786743924E-02 -0.201971534863E-04
  0.141630086115E-02 -0.210322944164E-04
  0.144521214454E-02 -0.218987798866E-04
  0.147460932052E-02 -0.227977210113E-04
  0.150450055514E-02 -0.237302672639E-04
  0.153489415174E-02 -0.246976077828E-04
  0.156579855315E-02 -0.257009727208E-04
  0.159722234415E-02 -0.267416346405E-04
  0.162917425376E-02 -0.278209099568E-04
  0.166166315772E-02 -0.289401604275E-04
  0.169469808094E-02 -0.301007946944E-04
  0.172828819999E-02 -0.313042698765E-04
  0.176244284567E-02 -0.325520932166E-04
  0.179717150562E-02 -0.338458237832E-04
  0.183248382690E-02 -0.351870742300E-04
  0.186838961872E-02 -0.365775126144E-04
  0.190489885514E-02 -0.380188642772E-04
  0.194202167784E-02 -0.395129137854E-04
  0.197976839897E-02 -0.410615069404E-04
  0.201814950397E-02 -0.426665528538E-04
  0.205717565450E-02 -0.443300260925E-04
  0.209685769141E-02 -0.460539688963E-04
  0.213720663774E-02 -0.478404934699E-04
  0.217823370179E-02 -0.496917843515E-04
  0.221995028024E-02 -0.516101008608E-04
  0.226236796128E-02 -0.535977796300E-04
  0.230549852789E-02 -0.556572372183E-04
  0.234935396105E-02 -0.577909728152E-04
  0.239394644311E-02 -0.600015710337E-04
  0.243928836116E-02 -0.622917047976E-04
  0.248539231046E-02 -0.646641383245E-04
  0.253227109796E-02 -0.671217302101E-04
  0.257993774586E-02 -0.696674366142E-04
  0.262840549518E-02 -0.723043145544E-04
  0.267768780952E-02 -0.750355253097E-04
  0.272779837871E-02 -0.778643379370E-04
  0.277875112269E-02 -0.807941329065E-04
  0.283056019531E-02 -0.838284058573E-04
  0.288323998833E-02 -0.869707714794E-04
  0.293680513535E-02 -0.902249675245E-04
  0.299127051593E-02 -0.935948589508E-04
  0.304665125969E-02 -0.970844422067E-04
  0.310296275053E-02 -0.100697849656E-03
  0.316022063089E-02 -0.104439354153E-03
  0.321844080610E-02 -0.108313373765E-03
  0.327763944881E-02 -0.112324476660E-03
  0.333783300347E-02 -0.116477386150E-03
  0.339903819090E-02 -0.120776985902E-03
  0.346127201292E-02 -0.125228325332E-03
  0.352455175712E-02 -0.129836625165E-03
  0.358889500161E-02 -0.134607283188E-03
  0.365431961993E-02 -0.139545880193E-03
  0.372084378599E-02 -0.144658186116E-03
  0.378848597917E-02 -0.149950166381E-03
  0.385726498940E-02 -0.155427988451E-03
  0.392719992239E-02 -0.161098028602E-03
  0.399831020498E-02 -0.166966878918E-03
  0.407061559046E-02 -0.173041354515E-03
  0.414413616415E-02 -0.179328501013E-03
  0.421889234888E-02 -0.185835602243E-03
  0.429490491076E-02 -0.192570188221E-03
  0.437219496486E-02 -0.199540043376E-03
  0.445078398115E-02 -0.206753215059E-03
  0.453069379041E-02 -0.214218022322E-03
  0.461194659032E-02 -0.221943064998E-03
  0.469456495164E-02 -0.229937233072E-03
  0.477857182443E-02 -0.238209716367E-03
  0.486399054448E-02 -0.246770014545E-03
  0.495084483977E-02 -0.255627947438E-03
  0.503915883703E-02 -0.264793665725E-03
  0.512895706851E-02 -0.274277661948E-03
  0.522026447874E-02 -0.284090781904E-03
  0.531310643146E-02 -0.294244236402E-03
  0.540750871672E-02 -0.304749613409E-03
  0.550349755798E-02 -0.315618890594E-03
  0.560109961941E-02 -0.326864448288E-03
  0.570034201334E-02 -0.338499082858E-03
  0.580125230773E-02 -0.350536020532E-03
  0.590385853386E-02 -0.362988931669E-03
  0.600818919413E-02 -0.375871945494E-03
  0.611427326994E-02 -0.389199665320E-03
  0.622214022979E-02 -0.402987184269E-03
  0.633182003739E-02 -0.417250101494E-03
  0.644334316008E-02 -0.432004538946E-03
  0.655674057722E-02 -0.447267158676E-03
  0.667204378881E-02 -0.463055180705E-03
  0.678928482427E-02 -0.479386401477E-03
  0.690849625131E-02 -0.496279212907E-03
  0.702971118498E-02 -0.513752622054E-03
  0.715296329687E-02 -0.531826271428E-03
  0.727828682447E-02 -0.550520459957E-03
  0.740571658069E-02 -0.569856164637E-03
  0.753528796348E-02 -0.589855062879E-03
  0.766703696575E-02 -0.610539555576E-03
  0.780100018528E-02 -0.631932790930E-03
  0.793721483493E-02 -0.654058689030E-03
  0.807571875299E-02 -0.676941967234E-03
  0.821655041365E-02 -0.700608166369E-03
  0.835974893773E-02 -0.725083677774E-03
  0.850535410352E-02 -0.750395771209E-03
  0.865340635783E-02 -0.776572623665E-03
  0.880394682725E-02 -0.803643349101E-03
  0.895701732952E-02 -0.831638029130E-03
  0.911266038523E-02 -0.860587744694E-03
  0.927091922956E-02 -0.890524608746E-03
  0.943183782431E-02 -0.921481799983E-03
  0.959546087013E-02 -0.953493597656E-03
  0.976183381892E-02 -0.986595417487E-03
  0.993100288645E-02 -0.102082384873E-02
  0.101030150652E-01 -0.105621669243E-02
  0.102779181375E-01 -0.109281300085E-02
  0.104557606886E-01 -0.113065311823E-02
  0.106365921204E-01 -0.116977872274E-02
  0.108204626649E-01 -0.121023286985E-02
  0.110074233986E-01 -0.125206003702E-02
  0.111975262561E-01 -0.129530616982E-02
  0.113908240451E-01 -0.134001872951E-02
  0.115873704606E-01 -0.138624674210E-02
  0.117872201000E-01 -0.143404084896E-02
  0.119904284786E-01 -0.148345335903E-02
  0.121970520442E-01 -0.153453830267E-02
  0.124071481938E-01 -0.158735148717E-02
  0.126207752887E-01 -0.164195055406E-02
  0.128379926712E-01 -0.169839503808E-02
  0.130588606807E-01 -0.175674642815E-02
  0.132834406709E-01 -0.181706823014E-02
  0.135117950267E-01 -0.187942603158E-02
  0.137439871812E-01 -0.194388756844E-02
  0.139800816338E-01 -0.201052279394E-02
  0.142201439678E-01 -0.207940394946E-02
  0.144642408686E-01 -0.215060563773E-02
  0.147124401427E-01 -0.222420489816E-02
  0.149648107357E-01 -0.230028128457E-02
  0.152214227523E-01 -0.237891694526E-02
  0.154823474752E-01 -0.246019670553E-02
  0.157476573852E-01 -0.254420815278E-02
  0.160174261812E-01 -0.263104172413E-02
  0.162917288008E-01 -0.272079079675E-02
  0.165706414408E-01 -0.281355178091E-02
  0.168542415787E-01 -0.290942421585E-02
  0.171426079943E-01 -0.300851086862E-02
  0.174358207911E-01 -0.311091783573E-02
  0.177339614191E-01 -0.321675464807E-02
  0.180371126970E-01 -0.332613437881E-02
  0.183453588353E-01 -0.343917375463E-02
  0.186587854602E-01 -0.355599327022E-02
  0.189774796364E-01 -0.367671730618E-02
  0.193015298923E-01 -0.380147425053E-02
  0.196310262438E-01 -0.393039662363E-02
  0.199660602199E-01 -0.406362120699E-02
  0.203067248877E-01 -0.420128917572E-02
  0.206531148784E-01 -0.434354623498E-02
  0.210053264137E-01 -0.449054276033E-02
  0.213634573325E-01 -0.464243394225E-02
  0.217276071178E-01 -0.479937993485E-02
  0.220978769247E-01 -0.496154600883E-02
  0.224743696084E-01 -0.512910270899E-02
  0.228571897524E-01 -0.530222601612E-02
  0.232464436983E-01 -0.548109751368E-02
  0.236422395746E-01 -0.566590455915E-02
  0.240446873271E-01 -0.585684046028E-02
  0.244538987496E-01 -0.605410465643E-02
  0.248699875144E-01 -0.625790290488E-02
  0.252930692045E-01 -0.646844747255E-02
  0.257232613452E-01 -0.668595733297E-02
  0.261606834372E-01 -0.691065836883E-02
  0.266054569893E-01 -0.714278358013E-02
  0.270577055528E-01 -0.738257329809E-02
  0.275175547550E-01 -0.763027540498E-02
  0.279851323348E-01 -0.788614555995E-02
  0.284605681779E-01 -0.815044743102E-02
  0.289439943529E-01 -0.842345293342E-02
  0.294355451479E-01 -0.870544247429E-02
  0.299353571080E-01 -0.899670520402E-02
  0.304435690729E-01 -0.929753927430E-02
  0.309603222161E-01 -0.960825210295E-02
  0.314857600833E-01 -0.992916064587E-02
  0.320200286330E-01 -0.102605916760E-01
  0.325632762763E-01 -0.106028820698E-01
  0.331156539191E-01 -0.109563791005E-01
  0.336773150030E-01 -0.113214407401E-01
  0.342484155487E-01 -0.116984359677E-01
  0.348291141988E-01 -0.120877450869E-01
  0.354195722623E-01 -0.124897600500E-01
  0.360199537590E-01 -0.129048847915E-01
  0.366304254656E-01 -0.133335355692E-01
  0.372511569614E-01 -0.137761413134E-01
  0.378823206757E-01 -0.142331439857E-01
  0.385240919360E-01 -0.147049989452E-01
  0.391766490161E-01 -0.151921753245E-01
  0.398401731861E-01 -0.156951564138E-01
  0.405148487625E-01 -0.162144400551E-01
  0.412008631595E-01 -0.167505390440E-01
  0.418984069412E-01 -0.173039815427E-01
  0.426076738741E-01 -0.178753115004E-01
  0.433288609814E-01 -0.184650890847E-01
  0.440621685975E-01 -0.190738911217E-01
  0.448078004237E-01 -0.197023115462E-01
  0.455659635847E-01 -0.203509618616E-01
  0.463368686863E-01 -0.210204716092E-01
  0.471207298737E-01 -0.217114888477E-01
  0.479177648911E-01 -0.224246806431E-01
  0.487281951425E-01 -0.231607335674E-01
  0.495522457524E-01 -0.239203542084E-01
  0.503901456291E-01 -0.247042696891E-01
  0.512421275279E-01 -0.255132281968E-01
  0.521084281160E-01 -0.263479995231E-01
  0.529892880380E-01 -0.272093756127E-01
  0.538849519829E-01 -0.280981711233E-01
  0.547956687520E-01 -0.290152239946E-01
  0.557216913280E-01 -0.299613960275E-01
  0.566632769453E-01 -0.309375734729E-01
  0.576206871616E-01 -0.319446676297E-01
  0.585941879303E-01 -0.329836154533E-01
  0.595840496746E-01 -0.340553801721E-01
  0.605905473624E-01 -0.351609519139E-01
  0.616139605828E-01 -0.363013483408E-01
  0.626545736240E-01 -0.374776152927E-01
  0.637126755517E-01 -0.386908274395E-01
  0.647885602900E-01 -0.399420889405E-01
  0.658825267027E-01 -0.412325341120E-01
  0.669948786764E-01 -0.425633281021E-01
  0.681259252048E-01 -0.439356675720E-01
  0.692759804748E-01 -0.453507813838E-01
  0.704453639537E-01 -0.468099312936E-01
  0.716344004777E-01 -0.483144126507E-01
  0.728434203424E-01 -0.498655551005E-01
  0.740727593943E-01 -0.514647232918E-01
  0.753227591245E-01 -0.531133175865E-01
  0.765937667631E-01 -0.548127747728E-01
  0.778861353761E-01 -0.565645687788E-01
  0.792002239629E-01 -0.583702113871E-01
  0.805363975567E-01 -0.602312529492E-01
  0.818950273254E-01 -0.621492830975E-01
  0.832764906748E-01 -0.641259314559E-01
  0.846811713537E-01 -0.661628683450E-01
  0.861094595601E-01 -0.682618054834E-01
  0.875617520501E-01 -0.704244966816E-01
  0.890384522474E-01 -0.726527385277E-01
  0.905399703562E-01 -0.749483710638E-01
  0.920667234743E-01 -0.773132784507E-01
  0.936191357098E-01 -0.797493896192E-01
  0.951976382982E-01 -0.822586789061E-01
  0.968026697226E-01 -0.848431666735E-01
  0.984346758355E-01 -0.875049199078E-01
  0.100094109982E+00 -0.902460527976E-01
  0.101781433127E+00 -0.930687272871E-01
  0.103497113983E+00 -0.959751536026E-01
  0.105241629138E+00 -0.989675907496E-01
  0.107015463191E+00 -0.102048346977E+00
  0.108819108885E+00 -0.105219780207E+00
  0.110653067244E+00 -0.108484298425E+00
  0.112517847714E+00 -0.111844360025E+00
  0.114413968300E+00 -0.115302474116E+00
  0.116341955715E+00 -0.118861200772E+00
  0.118302345524E+00 -0.122523151232E+00
  0.120295682291E+00 -0.126290988038E+00
  0.122322519735E+00 -0.130167425118E+00
  0.124383420879E+00 -0.134155227793E+00
  0.126478958208E+00 -0.138257212723E+00
  0.128609713830E+00 -0.142476247760E+00
  0.130776279634E+00 -0.146815251738E+00
  0.132979257460E+00 -0.151277194158E+00
  0.135219259258E+00 -0.155865094788E+00
  0.137496907267E+00 -0.160582023160E+00
  0.139812834181E+00 -0.165431097958E+00
  0.142167683328E+00 -0.170415486299E+00
  0.144562108847E+00 -0.175538402880E+00
  0.146996775873E+00 -0.180803109010E+00
  0.149472360717E+00 -0.186212911497E+00
  0.151989551058E+00 -0.191771161392E+00
  0.154549046132E+00 -0.197481252580E+00
  0.157151556925E+00 -0.203346620206E+00
  0.159797806375E+00 -0.209370738936E+00
  0.162488529567E+00 -0.215557121024E+00
  0.165224473942E+00 -0.221909314199E+00
  0.168006399502E+00 -0.228430899337E+00
  0.170835079022E+00 -0.235125487935E+00
  0.173711298265E+00 -0.241996719338E+00
  0.176635856199E+00 -0.249048257747E+00
  0.179609565219E+00 -0.256283788965E+00
  0.182633251376E+00 -0.263707016884E+00
  0.185707754601E+00 -0.271321659691E+00
  0.188833928944E+00 -0.279131445784E+00
  0.192012642805E+00 -0.287140109384E+00
  0.195244779181E+00 -0.295351385818E+00
  0.198531235910E+00 -0.303769006469E+00
  0.201872925916E+00 -0.312396693373E+00
  0.205270777468E+00 -0.321238153436E+00
  0.208725734436E+00 -0.330297072271E+00
  0.212238756552E+00 -0.339577107620E+00
  0.215810819679E+00 -0.349081882350E+00
  0.219442916078E+00 -0.358814977004E+00
  0.223136054690E+00 -0.368779921883E+00
  0.226891261409E+00 -0.378980188637E+00
  0.230709579374E+00 -0.389419181349E+00
  0.234592069251E+00 -0.400100227084E+00
  0.238539809536E+00 -0.411026565879E+00
  0.242553896849E+00 -0.422201340155E+00
  0.246635446239E+00 -0.433627583527E+00
  0.250785591496E+00 -0.445308208972E+00
  0.255005485466E+00 -0.457245996354E+00
  0.259296300369E+00 -0.469443579251E+00
  0.263659228124E+00 -0.481903431083E+00
  0.268095480684E+00 -0.494627850488E+00
  0.272606290371E+00 -0.507618945938E+00
  0.277192910215E+00 -0.520878619547E+00
  0.281856614308E+00 -0.534408550060E+00
  0.286598698153E+00 -0.548210174966E+00
  0.291420479026E+00 -0.562284671731E+00
  0.296323296341E+00 -0.576632938096E+00
  0.301308512023E+00 -0.591255571421E+00
  0.306377510888E+00 -0.606152847029E+00
  0.311531701022E+00 -0.621324695527E+00
  0.316772514178E+00 -0.636770679058E+00
  0.322101406172E+00 -0.652489966458E+00
  0.327519857285E+00 -0.668481307271E+00
  0.333029372678E+00 -0.684743004594E+00
  0.338631482807E+00 -0.701272886704E+00
  0.344327743849E+00 -0.718068277440E+00
  0.350119738137E+00 -0.735125965291E+00
  0.356009074594E+00 -0.752442171155E+00
  0.361997389185E+00 -0.770012514727E+00
  0.368086345370E+00 -0.787831979478E+00
  0.374277634564E+00 -0.805894876171E+00
  0.380572976610E+00 -0.824194804890E+00
  0.386974120254E+00 -0.842724615524E+00
  0.393482843633E+00 -0.861476366663E+00
  0.400100954768E+00 -0.880441282864E+00
  0.406830292065E+00 -0.899609710245E+00
  0.413672724828E+00 -0.918971070331E+00
  0.420630153776E+00 -0.938513812150E+00
  0.427704511574E+00 -0.958225362469E+00
  0.434897763366E+00 -0.978092074171E+00
  0.442211907325E+00 -0.998099172665E+00
  0.449648975203E+00 -0.101823070032E+01
  0.457211032902E+00 -0.103846945878E+01
  0.464900181040E+00 -0.105879694926E+01
  0.472718555543E+00 -0.107919331047E+01
  0.480668328230E+00 -0.109963725443E+01
  0.488751707424E+00 -0.112010599979E+01
  0.496970938559E+00 -0.114057520282E+01
  0.505328304808E+00 -0.116101888578E+01
  0.513826127715E+00 -0.118140936271E+01
  0.522466767842E+00 -0.120171716249E+01
  0.531252625421E+00 -0.122191094906E+01
  0.540186141026E+00 -0.124195743867E+01
  0.549269796245E+00 -0.126182131413E+01
  0.558506114375E+00 -0.128146513585E+01
  0.567897661119E+00 -0.130084924957E+01
  0.577447045301E+00 -0.131993169075E+01
  0.587156919588E+00 -0.133866808533E+01
  0.597029981230E+00 -0.135701154692E+01
  0.607068972808E+00 -0.137491257019E+01
  0.617276682996E+00 -0.139231892047E+01
  0.627655947333E+00 -0.140917551932E+01
  0.638209649016E+00 -0.142542432621E+01
  0.648940719696E+00 -0.144100421602E+01
  0.659852140296E+00 -0.145585085258E+01
  0.670946941835E+00 -0.146989655806E+01
  0.682228206274E+00 -0.148307017835E+01
  0.693699067371E+00 -0.149529694441E+01
  0.705362711549E+00 -0.150649832981E+01
  0.717222378785E+00 -0.151659190439E+01
  0.729281363506E+00 -0.152549118441E+01
  0.741543015509E+00 -0.153310547915E+01
  0.754010740886E+00 -0.153933973438E+01
  0.766688002976E+00 -0.154409437263E+01
  0.779578323320E+00 -0.154726513082E+01
  0.792685282647E+00 -0.154874289507E+01
  0.806012521863E+00 -0.154841353325E+01
  0.819563743064E+00 -0.154615772532E+01
  0.833342710566E+00 -0.154185079163E+01
  0.847353251947E+00 -0.153536251965E+01
  0.861599259117E+00 -0.152655698936E+01
  0.876084689389E+00 -0.151529239780E+01
  0.890813566589E+00 -0.150142088378E+01
  0.905789982164E+00 -0.148478835382E+01
  0.921018096329E+00 -0.146523431134E+01
  0.936502139210E+00 -0.144259169192E+01
  0.952246412033E+00 -0.141668670861E+01
  0.968255288305E+00 -0.138733871285E+01
  0.984533215042E+00 -0.135436007817E+01
  0.100108471399E+01 -0.131755611530E+01
  0.101791438290E+01 -0.127672502816E+01
  0.103502689679E+01 -0.123165791860E+01
  0.105242700924E+01 -0.118213884333E+01
  0.107011955373E+01 -0.112794491440E+01
  0.108810944497E+01 -0.106884641506E+01
  0.110640168026E+01 -0.100460687079E+01
  0.112500134090E+01 -0.934982974850E+00
  0.114391359358E+01 -0.859724225973E+00
  0.116314369183E+01 -0.778572115725E+00
  0.118269697747E+01 -0.691258739696E+00
  0.120257888208E+01 -0.597504844148E+00
  0.122279492855E+01 -0.497017572454E+00
  0.124335073258E+01 -0.389488475073E+00
  0.126425200424E+01 -0.274592494931E+00
  0.128550454958E+01 -0.151988405558E+00
  0.130711427221E+01 -0.213205523704E-01
  0.132908717499E+01  0.117778888161E+00
  0.135142936163E+01  0.265688075421E+00
  0.137414703843E+01  0.422794644795E+00
  0.139724651603E+01  0.589495801201E+00
  0.142073421107E+01  0.766199004018E+00
  0.144461664807E+01  0.953322847694E+00
  0.146890046121E+01  0.115129787676E+01
  0.149359239612E+01  0.136056722489E+01
  0.151869931186E+01  0.158158706747E+01
  0.154422818271E+01  0.181482692177E+01
  0.157018610021E+01  0.206076983927E+01
  0.159658027504E+01  0.231991252916E+01
  0.162341803909E+01  0.259276544461E+01
  0.165070684748E+01  0.287985285591E+01
  0.167845428059E+01  0.318171293173E+01
  0.170666804623E+01  0.349889784813E+01
  0.173535598174E+01  0.383197394507E+01
  0.176452605617E+01  0.418152195123E+01
  0.179418637251E+01  0.454813729797E+01
  0.182434516992E+01  0.493243054450E+01
  0.185501082605E+01  0.533502793547E+01
  0.188619185932E+01  0.575657211368E+01
  0.191789693135E+01  0.619772300882E+01
  0.195013484928E+01  0.665915892605E+01
  0.198291456832E+01  0.714157785579E+01
  0.201624519415E+01  0.764569903089E+01
          529            1
  0.000000000000E+00  0.000000000000E+00
  0.510846319546E-05  0.823309930823E-10
  0.103027809112E-04  0.334881954389E-09
  0.155843960465E-04  0.766236381917E-09
  0.209547757508E-04  0.138531600309E-08
  0.264154118307E-04  0.220139303385E-08
  0.319678211647E-04  0.322410286664E-08
  0.376135461243E-04  0.446345720204E-08
  0.433541550030E-04  0.592985763927E-08
  0.491912424510E-04  0.763410974141E-08
  0.551264299192E-04  0.958743759167E-08
  0.611613661089E-04  0.118014988575E-07
  0.672977274301E-04  0.142884003800E-07
  0.735372184670E-04  0.170607143072E-07
  0.798815724517E-04  0.201314947885E-07
  0.863325517456E-04  0.235142952516E-07
  0.928919483287E-04  0.272231862798E-07
  0.995615842980E-04  0.312727741124E-07
  0.106343312373E-03  0.356782197870E-07
  0.113239016411E-03  0.404552589488E-07
  0.120250611928E-03  0.456202223473E-07
  0.127380046637E-03  0.511900570447E-07
  0.134629300981E-03  0.571823483614E-07
  0.142000388688E-03  0.636153425824E-07
  0.149495357331E-03  0.705079704515E-07
  0.157116288893E-03  0.778798714806E-07
  0.164865300349E-03  0.857514191010E-07
  0.172744544251E-03  0.941437466863E-07
  0.180756209330E-03  0.103078774477E-06
  0.188902521099E-03  0.112579237437E-06
  0.197185742474E-03  0.122668714075E-06
  0.205608174405E-03  0.133371656259E-06
  0.214172156510E-03  0.144713420071E-06
  0.222880067727E-03  0.156720297717E-06
  0.231734326977E-03  0.169419550550E-06
  0.240737393834E-03  0.182839443225E-06
  0.249891769206E-03  0.197009279045E-06
  0.259199996036E-03  0.211959436514E-06
  0.268664660001E-03  0.227721407160E-06
  0.278288390236E-03  0.244327834667E-06
  0.288073860060E-03  0.261812555343E-06
  0.298023787723E-03  0.280210639999E-06
  0.308140937158E-03  0.299558437262E-06
  0.318428118749E-03  0.319893618382E-06
  0.328888190112E-03  0.341255223590E-06
  0.339524056891E-03  0.363683710042E-06
  0.350338673561E-03  0.387221001421E-06
  0.361335044251E-03  0.411910539249E-06
  0.372516223580E-03  0.437797335954E-06
  0.383885317504E-03  0.464928029780E-06
  0.395445484175E-03  0.493350941567E-06
  0.407199934828E-03  0.523116133498E-06
  0.419151934661E-03  0.554275469862E-06
  0.431304803753E-03  0.586882679902E-06
  0.443661917977E-03  0.620993422827E-06
  0.456226709946E-03  0.656665355056E-06
  0.469002669960E-03  0.693958199775E-06
  0.481993346979E-03  0.732933818878E-06
  0.495202349607E-03  0.773656287378E-06
  0.508633347098E-03  0.816191970383E-06
  0.522290070371E-03  0.860609602697E-06
  0.536176313046E-03  0.906980371166E-06
  0.550295932504E-03  0.955377999844E-06
  0.564652850951E-03  0.100587883808E-05
  0.579251056513E-03  0.105856195163E-05
  0.594094604341E-03  0.111350921687E-05
  0.609187617738E-03  0.117080541829E-05
  0.624534289304E-03  0.123053834927E-05
  0.640138882103E-03  0.129279891636E-05
  0.656005730845E-03  0.135768124707E-05
  0.672139243088E-03  0.142528280145E-05
  0.688543900468E-03  0.149570448736E-05
  0.705224259940E-03  0.156905077983E-05
  0.722184955045E-03  0.164542984439E-05
  0.739430697195E-03  0.172495366469E-05
  0.756966276985E-03  0.180773817445E-05
  0.774796565523E-03  0.189390339395E-05
  0.792926515781E-03  0.198357357118E-05
  0.811361163972E-03  0.207687732781E-05
  0.830105630952E-03  0.217394781018E-05
  0.849165123637E-03  0.227492284541E-05
  0.868544936453E-03  0.237994510289E-05
  0.888250452805E-03  0.248916226127E-05
  0.908287146576E-03  0.260272718116E-05
  0.928660583643E-03  0.272079808372E-05
  0.949376423424E-03  0.284353873540E-05
  0.970440420452E-03  0.297111863892E-05
  0.991858425974E-03  0.310371323084E-05
  0.101363638957E-02  0.324150408584E-05
  0.103578036082E-02  0.338467912798E-05
  0.105829649097E-02  0.353343284920E-05
  0.108119103464E-02  0.368796653527E-05
  0.110447035157E-02  0.384848849941E-05
  0.112814090840E-02  0.401521432397E-05
  0.115220928042E-02  0.418836711026E-05
  0.117668215346E-02  0.436817773700E-05
  0.120156632569E-02  0.455488512754E-05
  0.122686870953E-02  0.474873652618E-05
  0.125259633360E-02  0.494998778396E-05
  0.127875634462E-02  0.515890365419E-05
  0.130535600943E-02  0.537575809802E-05
  0.133240271699E-02  0.560083460049E-05
  0.135990398045E-02  0.583442649731E-05
  0.138786743924E-02  0.607683731282E-05
  0.141630086115E-02  0.632838110943E-05
  0.144521214454E-02  0.658938284902E-05
  0.147460932052E-02  0.686017876663E-05
  0.150450055514E-02  0.714111675685E-05
  0.153489415174E-02  0.743255677350E-05
  0.156579855315E-02  0.773487124279E-05
  0.159722234415E-02  0.804844549061E-05
  0.162917425376E-02  0.837367818444E-05
  0.166166315772E-02  0.871098179021E-05
  0.169469808094E-02  0.906078304480E-05
  0.172828819999E-02  0.942352344457E-05
  0.176244284567E-02  0.979965975062E-05
  0.179717150562E-02  0.101896645111E-04
  0.183248382690E-02  0.105940266017E-04
  0.186838961872E-02  0.110132517836E-04
  0.190489885514E-02  0.114478632819E-04
  0.194202167784E-02  0.118984023823E-04
  0.197976839897E-02  0.123654290489E-04
  0.201814950397E-02  0.128495225629E-04
  0.205717565450E-02  0.133512821828E-04
  0.209685769141E-02  0.138713278273E-04
  0.213720663774E-02  0.144103007815E-04
  0.217823370179E-02  0.149688644267E-04
  0.221995028024E-02  0.155477049956E-04
  0.226236796128E-02  0.161475323530E-04
  0.230549852789E-02  0.167690808026E-04
  0.234935396105E-02  0.174131099218E-04
  0.239394644311E-02  0.180804054251E-04
  0.243928836116E-02  0.187717800557E-04
  0.248539231046E-02  0.194880745091E-04
  0.253227109796E-02  0.202301583866E-04
  0.257993774586E-02  0.209989311818E-04
  0.262840549518E-02  0.217953233013E-04
  0.267768780952E-02  0.226202971187E-04
  0.272779837871E-02  0.234748480661E-04
  0.277875112269E-02  0.243600057608E-04
  0.283056019531E-02  0.252768351723E-04
  0.288323998833E-02  0.262264378272E-04
  0.293680513535E-02  0.272099530564E-04
  0.299127051593E-02  0.282285592840E-04
  0.304665125969E-02  0.292834753597E-04
  0.310296275053E-02  0.303759619376E-04
  0.316022063089E-02  0.315073229007E-04
  0.321844080610E-02  0.326789068344E-04
  0.327763944881E-02  0.338921085497E-04
  0.333783300347E-02  0.351483706588E-04
  0.339903819090E-02  0.364491852034E-04
  0.346127201292E-02  0.377960953388E-04
  0.352455175712E-02  0.391906970753E-04
  0.358889500161E-02  0.406346410782E-04
  0.365431961993E-02  0.421296345296E-04
  0.372084378599E-02  0.436774430526E-04
  0.378848597917E-02  0.452798927021E-04
  0.385726498940E-02  0.469388720217E-04
  0.392719992239E-02  0.486563341718E-04
  0.399831020498E-02  0.504342991285E-04
  0.407061559046E-02  0.522748559590E-04
  0.414413616415E-02  0.541801651722E-04
  0.421889234888E-02  0.561524611509E-04
  0.429490491076E-02  0.581940546654E-04
  0.437219496486E-02  0.603073354725E-04
  0.445078398115E-02  0.624947750034E-04
  0.453069379041E-02  0.647589291423E-04
  0.461194659032E-02  0.671024410991E-04
  0.469456495164E-02  0.695280443800E-04
  0.477857182443E-02  0.720385658588E-04
  0.486399054448E-02  0.746369289521E-04
  0.495084483977E-02  0.773261569025E-04
  0.503915883703E-02  0.801093761732E-04
  0.512895706851E-02  0.829898199576E-04
  0.522026447874E-02  0.859708318076E-04
  0.531310643146E-02  0.890558693858E-04
  0.540750871672E-02  0.922485083443E-04
  0.550349755798E-02  0.955524463350E-04
  0.560109961941E-02  0.989715071561E-04
  0.570034201334E-02  0.102509645039E-03
  0.580125230773E-02  0.106170949082E-03
  0.590385853386E-02  0.109959647829E-03
  0.600818919413E-02  0.113880114013E-03
  0.611427326994E-02  0.117936869450E-03
  0.622214022979E-02  0.122134590107E-03
  0.633182003739E-02  0.126478111333E-03
  0.644334316008E-02  0.130972433280E-03
  0.655674057722E-02  0.135622726492E-03
  0.667204378881E-02  0.140434337699E-03
  0.678928482427E-02  0.145412795793E-03
  0.690849625131E-02  0.150563818017E-03
  0.702971118498E-02  0.155893316360E-03
  0.715296329687E-02  0.161407404167E-03
  0.727828682447E-02  0.167112402972E-03
  0.740571658069E-02  0.173014849569E-03
  0.753528796348E-02  0.179121503315E-03
  0.766703696575E-02  0.185439353683E-03
  0.780100018528E-02  0.191975628072E-03
  0.793721483493E-02  0.198737799879E-03
  0.807571875299E-02  0.205733596844E-03
  0.821655041365E-02  0.212971009683E-03
  0.835974893773E-02  0.220458301001E-03
  0.850535410352E-02  0.228204014523E-03
  0.865340635783E-02  0.236216984621E-03
  0.880394682725E-02  0.244506346173E-03
  0.895701732952E-02  0.253081544755E-03
  0.911266038523E-02  0.261952347171E-03
  0.927091922956E-02  0.271128852348E-03
  0.943183782431E-02  0.280621502590E-03
  0.959546087013E-02  0.290441095219E-03
  0.976183381892E-02  0.300598794610E-03
  0.993100288645E-02  0.311106144624E-03
  0.101030150652E-01  0.321975081471E-03
  0.102779181375E-01  0.333217947003E-03
  0.104557606886E-01  0.344847502452E-03
  0.106365921204E-01  0.356876942641E-03
  0.108204626649E-01  0.369319910666E-03
  0.110074233986E-01  0.382190513077E-03
  0.111975262561E-01  0.395503335575E-03
  0.113908240451E-01  0.409273459229E-03
  0.115873704606E-01  0.423516477247E-03
  0.117872201000E-01  0.438248512316E-03
  0.119904284786E-01  0.453486234515E-03
  0.121970520442E-01  0.469246879840E-03
  0.124071481938E-01  0.485548269357E-03
  0.126207752887E-01  0.502408828986E-03
  0.128379926712E-01  0.519847609967E-03
  0.130588606807E-01  0.537884310004E-03
  0.132834406709E-01  0.556539295129E-03
  0.135117950267E-01  0.575833622292E-03
  0.137439871812E-01  0.595789062723E-03
  0.139800816338E-01  0.616428126069E-03
  0.142201439678E-01  0.637774085347E-03
  0.144642408686E-01  0.659851002739E-03
  0.147124401427E-01  0.682683756247E-03
  0.149648107357E-01  0.706298067247E-03
  0.152214227523E-01  0.730720528972E-03
  0.154823474752E-01  0.755978635939E-03
  0.157476573852E-01  0.782100814380E-03
  0.160174261812E-01  0.809116453680E-03
  0.162917288008E-01  0.837055938874E-03
  0.165706414408E-01  0.865950684235E-03
  0.168542415787E-01  0.895833167984E-03
  0.171426079943E-01  0.926736968165E-03
  0.174358207911E-01  0.958696799716E-03
  0.177339614191E-01  0.991748552790E-03
  0.180371126970E-01  0.102592933234E-02
  0.183453588353E-01  0.106127749905E-02
  0.186587854602E-01  0.109783271162E-02
  0.189774796364E-01  0.113563597044E-02
  0.193015298923E-01  0.117472966278E-02
  0.196310262438E-01  0.121515760944E-02
  0.199660602199E-01  0.125696511295E-02
  0.203067248877E-01  0.130019900741E-02
  0.206531148784E-01  0.134490770997E-02
  0.210053264137E-01  0.139114127401E-02
  0.213634573325E-01  0.143895144413E-02
  0.217276071178E-01  0.148839171291E-02
  0.220978769247E-01  0.153951737959E-02
  0.224743696084E-01  0.159238561069E-02
  0.228571897524E-01  0.164705550264E-02
  0.232464436983E-01  0.170358814650E-02
  0.236422395746E-01  0.176204669477E-02
  0.240446873271E-01  0.182249643045E-02
  0.244538987496E-01  0.188500483839E-02
  0.248699875144E-01  0.194964167899E-02
  0.252930692045E-01  0.201647906426E-02
  0.257232613452E-01  0.208559153651E-02
  0.261606834372E-01  0.215705614953E-02
  0.266054569893E-01  0.223095255245E-02
  0.270577055528E-01  0.230736307642E-02
  0.275175547550E-01  0.238637282405E-02
  0.279851323348E-01  0.246806976184E-02
  0.284605681779E-01  0.255254481557E-02
  0.289439943529E-01  0.263989196889E-02
  0.294355451479E-01  0.273020836505E-02
  0.299353571080E-01  0.282359441199E-02
  0.304435690729E-01  0.292015389083E-02
  0.309603222161E-01  0.301999406788E-02
  0.314857600833E-01  0.312322581031E-02
  0.320200286330E-01  0.322996370552E-02
  0.325632762763E-01  0.334032618444E-02
  0.331156539191E-01  0.345443564873E-02
  0.336773150030E-01  0.357241860210E-02
  0.342484155487E-01  0.369440578593E-02
  0.348291141988E-01  0.382053231909E-02
  0.354195722623E-01  0.395093784241E-02
  0.360199537590E-01  0.408576666762E-02
  0.366304254656E-01  0.422516793115E-02
  0.372511569614E-01  0.436929575274E-02
  0.378823206757E-01  0.451830939913E-02
  0.385240919360E-01  0.467237345295E-02
  0.391766490161E-01  0.483165798688E-02
  0.398401731861E-01  0.499633874337E-02
  0.405148487625E-01  0.516659731996E-02
  0.412008631595E-01  0.534262136038E-02
  0.418984069412E-01  0.552460475171E-02
  0.426076738741E-01  0.571274782760E-02
  0.433288609814E-01  0.590725757778E-02
  0.440621685975E-01  0.610834786416E-02
  0.448078004237E-01  0.631623964346E-02
  0.455659635847E-01  0.653116119672E-02
  0.463368686863E-01  0.675334836592E-02
  0.471207298737E-01  0.698304479763E-02
  0.479177648911E-01  0.722050219422E-02
  0.487281951425E-01  0.746598057257E-02
  0.495522457524E-01  0.771974853055E-02
  0.503901456291E-01  0.798208352152E-02
  0.512421275279E-01  0.825327213698E-02
  0.521084281160E-01  0.853361039758E-02
  0.529892880380E-01  0.882340405271E-02
  0.538849519829E-01  0.912296888885E-02
  0.547956687520E-01  0.943263104694E-02
  0.557216913280E-01  0.975272734887E-02
  0.566632769453E-01  0.100836056334E-01
  0.576206871616E-01  0.104256251015E-01
  0.585941879303E-01  0.107791566719E-01
  0.595840496746E-01  0.111445833461E-01
  0.605905473624E-01  0.115223005837E-01
  0.616139605828E-01  0.119127166886E-01
  0.626545736240E-01  0.123162532051E-01
  0.637126755517E-01  0.127333453247E-01
  0.647885602900E-01  0.131644423050E-01
  0.658825267027E-01  0.136100078980E-01
  0.669948786764E-01  0.140705207909E-01
  0.681259252048E-01  0.145464750581E-01
  0.692759804748E-01  0.150383806245E-01
  0.704453639537E-01  0.155467637405E-01
  0.716344004777E-01  0.160721674692E-01
  0.728434203424E-01  0.166151521855E-01
  0.740727593943E-01  0.171762960867E-01
  0.753227591245E-01  0.177561957161E-01
  0.765937667631E-01  0.183554664979E-01
  0.778861353761E-01  0.189747432851E-01
  0.792002239629E-01  0.196146809188E-01
  0.805363975567E-01  0.202759548008E-01
  0.818950273254E-01  0.209592614771E-01
  0.832764906748E-01  0.216653192346E-01
  0.846811713537E-01  0.223948687087E-01
  0.861094595601E-01  0.231486735041E-01
  0.875617520501E-01  0.239275208257E-01
  0.890384522474E-01  0.247322221219E-01
  0.905399703562E-01  0.255636137386E-01
  0.920667234743E-01  0.264225575841E-01
  0.936191357098E-01  0.273099418038E-01
  0.951976382982E-01  0.282266814658E-01
  0.968026697226E-01  0.291737192544E-01
  0.984346758355E-01  0.301520261735E-01
  0.100094109982E+00  0.311626022572E-01
  0.101781433127E+00  0.322064772878E-01
  0.103497113983E+00  0.332847115199E-01
  0.105241629138E+00  0.343983964101E-01
  0.107015463191E+00  0.355486553504E-01
  0.108819108885E+00  0.367366444044E-01
  0.110653067244E+00  0.379635530458E-01
  0.112517847714E+00  0.392306048956E-01
  0.114413968300E+00  0.405390584584E-01
  0.116341955715E+00  0.418902078552E-01
  0.118302345524E+00  0.432853835500E-01
  0.120295682291E+00  0.447259530691E-01
  0.122322519735E+00  0.462133217095E-01
  0.124383420879E+00  0.477489332352E-01
  0.126478958208E+00  0.493342705569E-01
  0.128609713830E+00  0.509708563930E-01
  0.130776279634E+00  0.526602539080E-01
  0.132979257460E+00  0.544040673250E-01
  0.135219259258E+00  0.562039425076E-01
  0.137496907267E+00  0.580615675072E-01
  0.139812834181E+00  0.599786730711E-01
  0.142167683328E+00  0.619570331053E-01
  0.144562108847E+00  0.639984650882E-01
  0.146996775873E+00  0.661048304268E-01
  0.149472360717E+00  0.682780347510E-01
  0.151989551058E+00  0.705200281377E-01
  0.154549046132E+00  0.728328052575E-01
  0.157151556925E+00  0.752184054359E-01
  0.159797806375E+00  0.776789126198E-01
  0.162488529567E+00  0.802164552404E-01
  0.165224473942E+00  0.828332059621E-01
  0.168006399502E+00  0.855313813053E-01
  0.170835079022E+00  0.883132411338E-01
  0.173711298265E+00  0.911810879915E-01
  0.176635856199E+00  0.941372662766E-01
  0.179609565219E+00  0.971841612379E-01
  0.182633251376E+00  0.100324197778E+00
  0.185707754601E+00  0.103559839044E+00
  0.188833928944E+00  0.106893584799E+00
  0.192012642805E+00  0.110327969532E+00
  0.195244779181E+00  0.113865560312E+00
  0.198531235910E+00  0.117508954351E+00
  0.201872925916E+00  0.121260776247E+00
  0.205270777468E+00  0.125123674898E+00
  0.208725734436E+00  0.129100320043E+00
  0.212238756552E+00  0.133193398419E+00
  0.215810819679E+00  0.137405609481E+00
  0.219442916078E+00  0.141739660681E+00
  0.223136054690E+00  0.146198262246E+00
  0.226891261409E+00  0.150784121429E+00
  0.230709579374E+00  0.155499936199E+00
  0.234592069251E+00  0.160348388316E+00
  0.238539809536E+00  0.165332135758E+00
  0.242553896849E+00  0.170453804442E+00
  0.246635446239E+00  0.175715979205E+00
  0.250785591496E+00  0.181121193968E+00
  0.255005485466E+00  0.186671921051E+00
  0.259296300369E+00  0.192370559565E+00
  0.263659228124E+00  0.198219422817E+00
  0.268095480684E+00  0.204220724674E+00
  0.272606290371E+00  0.210376564792E+00
  0.277192910215E+00  0.216688912664E+00
  0.281856614308E+00  0.223159590374E+00
  0.286598698153E+00  0.229790254012E+00
  0.291420479026E+00  0.236582373615E+00
  0.296323296341E+00  0.243537211591E+00
  0.301308512023E+00  0.250655799478E+00
  0.306377510888E+00  0.257938912978E+00
  0.311531701022E+00  0.265387045120E+00
  0.316772514178E+00  0.273000377465E+00
  0.322101406172E+00  0.280778749217E+00
  0.327519857285E+00  0.288721624114E+00
  0.333029372678E+00  0.296828054972E+00
  0.338631482807E+00  0.305096645744E+00
  0.344327743849E+00  0.313525510935E+00
  0.350119738137E+00  0.322112232242E+00
  0.356009074594E+00  0.330853812245E+00
  0.361997389185E+00  0.339746624983E+00
  0.368086345370E+00  0.348786363258E+00
  0.374277634564E+00  0.357967982475E+00
  0.380572976610E+00  0.367285640835E+00
  0.386974120254E+00  0.376732635699E+00
  0.393482843633E+00  0.386301335911E+00
  0.400100954768E+00  0.395983109891E+00
  0.406830292065E+00  0.405768249273E+00
  0.413672724828E+00  0.415645887892E+00
  0.420630153776E+00  0.425603915879E+00
  0.427704511574E+00  0.435628888660E+00
  0.434897763366E+00  0.445705930612E+00
  0.442211907325E+00  0.455818633164E+00
  0.449648975203E+00  0.465948947095E+00
  0.457211032902E+00  0.476077068803E+00
  0.464900181040E+00  0.486181320311E+00
  0.472718555543E+00  0.496238022773E+00
  0.480668328230E+00  0.506221363263E+00
  0.488751707424E+00  0.516103254612E+00
  0.496970938559E+00  0.525853188082E+00
  0.505328304808E+00  0.535438078670E+00
  0.513826127715E+00  0.544822102853E+00
  0.522466767842E+00  0.553966528581E+00
  0.531252625421E+00  0.562829537371E+00
  0.540186141026E+00  0.571366038347E+00
  0.549269796245E+00  0.579527474127E+00
  0.558506114375E+00  0.587261618452E+00
  0.567897661119E+00  0.594512365520E+00
  0.577447045301E+00  0.601219510991E+00
  0.587156919588E+00  0.607318524716E+00
  0.597029981230E+00  0.612740315243E+00
  0.607068972808E+00  0.617410986244E+00
  0.617276682996E+00  0.621251585047E+00
  0.627655947333E+00  0.624177843545E+00
  0.638209649016E+00  0.626099911792E+00
  0.648940719696E+00  0.626922084723E+00
  0.659852140296E+00  0.626542522478E+00
  0.670946941835E+00  0.624852964940E+00
  0.682228206274E+00  0.621738441175E+00
  0.693699067371E+00  0.617076974582E+00
  0.705362711549E+00  0.610739284688E+00
  0.717222378785E+00  0.602588486602E+00
  0.729281363506E+00  0.592479789340E+00
  0.741543015509E+00  0.580260194288E+00
  0.754010740886E+00  0.565768195272E+00
  0.766688002976E+00  0.548833481795E+00
  0.779578323320E+00  0.529276647166E+00
  0.792685282647E+00  0.506908903363E+00
  0.806012521863E+00  0.481531804622E+00
  0.819563743064E+00  0.452936981838E+00
  0.833342710566E+00  0.420905889993E+00
  0.847353251947E+00  0.385209570896E+00
  0.861599259117E+00  0.345608433602E+00
  0.876084689389E+00  0.301852054879E+00
  0.890813566589E+00  0.253679002114E+00
  0.905789982164E+00  0.200816680970E+00
  0.921018096329E+00  0.142981209989E+00
  0.936502139210E+00  0.798773241619E-01
  0.952246412033E+00  0.111983091799E-01
  0.968255288305E+00 -0.633740322478E-01
  0.984533215042E+00 -0.144169381164E+00
  0.100108471399E+01 -0.231528869959E+00
  0.101791438290E+01 -0.325805017336E+00
  0.103502689679E+01 -0.427361632109E+00
  0.105242700924E+01 -0.536573688465E+00
  0.107011955373E+01 -0.653827176650E+00
  0.108810944497E+01 -0.779518934652E+00
  0.110640168026E+01 -0.914056468261E+00
  0.112500134090E+01 -0.105785776902E+01
  0.114391359358E+01 -0.121135114196E+01
  0.116314369183E+01 -0.137497505767E+01
  0.118269697747E+01 -0.154917804619E+01
  0.120257888208E+01 -0.173441865352E+01
  0.122279492855E+01 -0.193116548481E+01
  0.124335073258E+01 -0.213989736199E+01
  0.126425200424E+01 -0.236110362732E+01
  0.128550454958E+01 -0.259528462781E+01
  0.130711427221E+01 -0.284295241885E+01
  0.132908717499E+01 -0.310463172845E+01
  0.135142936163E+01 -0.338086122503E+01
  0.137414703843E+01 -0.367219513313E+01
  0.139724651603E+01 -0.397920523945E+01
  0.142073421107E+01 -0.430248332876E+01
  0.144461664807E+01 -0.464264408113E+01
  0.146890046121E+01 -0.500032845054E+01
  0.149359239612E+01 -0.537620752595E+01
  0.151869931186E+01 -0.577098645454E+01
  0.154422818271E+01 -0.618540435616E+01
  0.157018610021E+01 -0.662022555448E+01
  0.159658027504E+01 -0.707623843130E+01
  0.162341803909E+01 -0.755425513261E+01
  0.165070684748E+01 -0.805511148283E+01
  0.167845428059E+01 -0.857966701793E+01
  0.170666804623E+01 -0.912880515358E+01
  0.173535598174E+01 -0.970343350870E+01
  0.176452605617E+01 -0.103044844086E+02
  0.179418637251E+01 -0.109329155936E+02
  0.182434516992E+01 -0.115897111632E+02
  0.185501082605E+01 -0.122758827818E+02
  0.188619185932E+01 -0.129924711792E+02
  0.191789693135E+01 -0.137405479716E+02
  0.195013484928E+01 -0.145212178397E+02
  0.198291456832E+01 -0.153356210898E+02
  0.201624519415E+01 -0.161849366413E+02
          529            1
  0.000000000000E+00  0.000000000000E+00
  0.510846319546E-05  0.226832751097E-09
  0.103027809112E-04  0.922643747067E-09
  0.155843960465E-04  0.211108093249E-08
  0.209547757508E-04  0.381672355814E-08
  0.264154118307E-04  0.606511588919E-08
  0.319678211647E-04  0.888280208831E-08
  0.376135461243E-04  0.122973623155E-07
  0.433541550030E-04  0.163374500865E-07
  0.491912424510E-04  0.210328309325E-07
  0.551264299192E-04  0.264144224062E-07
  0.611613661089E-04  0.325143354803E-07
  0.672977274301E-04  0.393659173863E-07
  0.735372184670E-04  0.470037959421E-07
  0.798815724517E-04  0.554639254210E-07
  0.863325517456E-04  0.647836340131E-07
  0.928919483287E-04  0.750016729354E-07
  0.995615842980E-04  0.861582672456E-07
  0.106343312373E-03  0.982951684189E-07
  0.113239016411E-03  0.111455708747E-06
  0.120250611928E-03  0.125684857625E-06
  0.127380046637E-03  0.141029279782E-06
  0.134629300981E-03  0.157537395538E-06
  0.142000388688E-03  0.175259443135E-06
  0.149495357331E-03  0.194247543234E-06
  0.157116288893E-03  0.214555765640E-06
  0.164865300349E-03  0.236240198328E-06
  0.172744544251E-03  0.259359018863E-06
  0.180756209330E-03  0.283972568280E-06
  0.188902521099E-03  0.310143427522E-06
  0.197185742474E-03  0.337936496508E-06
  0.205608174405E-03  0.367419075936E-06
  0.214172156510E-03  0.398660951905E-06
  0.222880067727E-03  0.431734483454E-06
  0.231734326977E-03  0.466714693116E-06
  0.240737393834E-03  0.503679360598E-06
  0.249891769206E-03  0.542709119683E-06
  0.259199996036E-03  0.583887558467E-06
  0.268664660001E-03  0.627301323049E-06
  0.278288390236E-03  0.673040224787E-06
  0.288073860060E-03  0.721197351240E-06
  0.298023787723E-03  0.771869180933E-06
  0.308140937158E-03  0.825155702053E-06
  0.318428118749E-03  0.881160535237E-06
  0.328888190112E-03  0.939991060568E-06
  0.339524056891E-03  0.100175854893E-05
  0.350338673561E-03  0.106657829789E-05
  0.361335044251E-03  0.113456977220E-05
  0.372516223580E-03  0.120585674918E-05
  0.383885317504E-03  0.128056746904E-05
  0.395445484175E-03  0.135883479035E-05
  0.407199934828E-03  0.144079635087E-05
  0.419151934661E-03  0.152659473389E-05
  0.431304803753E-03  0.161637764024E-05
  0.443661917977E-03  0.171029806616E-05
  0.456226709946E-03  0.180851448737E-05
  0.469002669960E-03  0.191119104932E-05
  0.481993346979E-03  0.201849776400E-05
  0.495202349607E-03  0.213061071348E-05
  0.508633347098E-03  0.224771226039E-05
  0.522290070371E-03  0.236999126561E-05
  0.536176313046E-03  0.249764331340E-05
  0.550295932504E-03  0.263087094417E-05
  0.564652850951E-03  0.276988389528E-05
  0.579251056513E-03  0.291489935000E-05
  0.594094604341E-03  0.306614219495E-05
  0.609187617738E-03  0.322384528640E-05
  0.624534289304E-03  0.338824972555E-05
  0.640138882103E-03  0.355960514330E-05
  0.656005730845E-03  0.373816999463E-05
  0.672139243088E-03  0.392421186304E-05
  0.688543900468E-03  0.411800777543E-05
  0.705224259940E-03  0.431984452759E-05
  0.722184955045E-03  0.453001902086E-05
  0.739430697195E-03  0.474883861017E-05
  0.756966276985E-03  0.497662146401E-05
  0.774796565523E-03  0.521369693656E-05
  0.792926515781E-03  0.546040595254E-05
  0.811361163972E-03  0.571710140508E-05
  0.830105630952E-03  0.598414856719E-05
  0.849165123637E-03  0.626192551714E-05
  0.868544936453E-03  0.655082357832E-05
  0.888250452805E-03  0.685124777404E-05
  0.908287146576E-03  0.716361729776E-05
  0.928660583643E-03  0.748836599929E-05
  0.949376423424E-03  0.782594288748E-05
  0.970440420452E-03  0.817681264998E-05
  0.991858425974E-03  0.854145619057E-05
  0.101363638957E-02  0.892037118482E-05
  0.103578036082E-02  0.931407265447E-05
  0.105829649097E-02  0.972309356132E-05
  0.108119103464E-02  0.101479854213E-04
  0.110447035157E-02  0.105893189392E-04
  0.112814090840E-02  0.110476846650E-04
  0.115220928042E-02  0.115236936725E-04
  0.117668215346E-02  0.120179782608E-04
  0.120156632569E-02  0.125311926792E-04
  0.122686870953E-02  0.130640138774E-04
  0.125259633360E-02  0.136171422805E-04
  0.127875634462E-02  0.141913025902E-04
  0.130535600943E-02  0.147872446132E-04
  0.133240271699E-02  0.154057441180E-04
  0.135990398045E-02  0.160476037195E-04
  0.138786743924E-02  0.167136537951E-04
  0.141630086115E-02  0.174047534301E-04
  0.144521214454E-02  0.181217913964E-04
  0.147460932052E-02  0.188656871632E-04
  0.150450055514E-02  0.196373919424E-04
  0.153489415174E-02  0.204378897690E-04
  0.156579855315E-02  0.212681986181E-04
  0.159722234415E-02  0.221293715594E-04
  0.162917425376E-02  0.230224979505E-04
  0.166166315772E-02  0.239487046711E-04
  0.169469808094E-02  0.249091573979E-04
  0.172828819999E-02  0.259050619225E-04
  0.176244284567E-02  0.269376655147E-04
  0.179717150562E-02  0.280082583305E-04
  0.183248382690E-02  0.291181748679E-04
  0.186838961872E-02  0.302687954718E-04
  0.190489885514E-02  0.314615478896E-04
  0.194202167784E-02  0.326979088784E-04
  0.197976839897E-02  0.339794058673E-04
  0.201814950397E-02  0.353076186747E-04
  0.205717565450E-02  0.366841812833E-04
  0.209685769141E-02  0.381107836757E-04
  0.213720663774E-02  0.395891737298E-04
  0.217823370179E-02  0.411211591800E-04
  0.221995028024E-02  0.427086096422E-04
  0.226236796128E-02  0.443534587080E-04
  0.230549852789E-02  0.460577061087E-04
  0.234935396105E-02  0.478234199515E-04
  0.239394644311E-02  0.496527390315E-04
  0.243928836116E-02  0.515478752200E-04
  0.248539231046E-02  0.535111159334E-04
  0.253227109796E-02  0.555448266852E-04
  0.257993774586E-02  0.576514537221E-04
  0.262840549518E-02  0.598335267497E-04
  0.267768780952E-02  0.620936617483E-04
  0.272779837871E-02  0.644345638831E-04
  0.277875112269E-02  0.668590305119E-04
  0.283056019531E-02  0.693699542929E-04
  0.288323998833E-02  0.719703263968E-04
  0.293680513535E-02  0.746632398252E-04
  0.299127051593E-02  0.774518928404E-04
  0.304665125969E-02  0.803395925096E-04
  0.310296275053E-02  0.833297583669E-04
  0.316022063089E-02  0.864259261974E-04
  0.321844080610E-02  0.896317519477E-04
  0.327763944881E-02  0.929510157661E-04
  0.333783300347E-02  0.963876261775E-04
  0.339903819090E-02  0.999456243973E-04
  0.346127201292E-02  0.103629188789E-03
  0.352455175712E-02  0.107442639468E-03
  0.358889500161E-02  0.111390443064E-03
  0.365431961993E-02  0.115477217631E-03
  0.372084378599E-02  0.119707737733E-03
  0.378848597917E-02  0.124086939690E-03
  0.385726498940E-02  0.128619927001E-03
  0.392719992239E-02  0.133311975941E-03
  0.399831020498E-02  0.138168541359E-03
  0.407061559046E-02  0.143195262646E-03
  0.414413616415E-02  0.148397969921E-03
  0.421889234888E-02  0.153782690408E-03
  0.429490491076E-02  0.159355655029E-03
  0.437219496486E-02  0.165123305217E-03
  0.445078398115E-02  0.171092299948E-03
  0.453069379041E-02  0.177269523014E-03
  0.461194659032E-02  0.183662090524E-03
  0.469456495164E-02  0.190277358667E-03
  0.477857182443E-02  0.197122931715E-03
  0.486399054448E-02  0.204206670304E-03
  0.495084483977E-02  0.211536699979E-03
  0.503915883703E-02  0.219121420023E-03
  0.512895706851E-02  0.226969512575E-03
  0.522026447874E-02  0.235089952050E-03
  0.531310643146E-02  0.243492014866E-03
  0.540750871672E-02  0.252185289493E-03
  0.550349755798E-02  0.261179686826E-03
  0.560109961941E-02  0.270485450908E-03
  0.570034201334E-02  0.280113169995E-03
  0.580125230773E-02  0.290073787985E-03
  0.590385853386E-02  0.300378616226E-03
  0.600818919413E-02  0.311039345705E-03
  0.611427326994E-02  0.322068059637E-03
  0.622214022979E-02  0.333477246464E-03
  0.633182003739E-02  0.345279813283E-03
  0.644334316008E-02  0.357489099700E-03
  0.655674057722E-02  0.370118892153E-03
  0.667204378881E-02  0.383183438682E-03
  0.678928482427E-02  0.396697464193E-03
  0.690849625131E-02  0.410676186216E-03
  0.702971118498E-02  0.425135331167E-03
  0.715296329687E-02  0.440091151145E-03
  0.727828682447E-02  0.455560441275E-03
  0.740571658069E-02  0.471560557604E-03
  0.753528796348E-02  0.488109435584E-03
  0.766703696575E-02  0.505225609148E-03
  0.780100018528E-02  0.522928230408E-03
  0.793721483493E-02  0.541237089981E-03
  0.807571875299E-02  0.560172637973E-03
  0.821655041365E-02  0.579756005646E-03
  0.835974893773E-02  0.600009027768E-03
  0.850535410352E-02  0.620954265697E-03
  0.865340635783E-02  0.642615031193E-03
  0.880394682725E-02  0.665015411003E-03
  0.895701732952E-02  0.688180292230E-03
  0.911266038523E-02  0.712135388511E-03
  0.927091922956E-02  0.736907267043E-03
  0.943183782431E-02  0.762523376454E-03
  0.959546087013E-02  0.789012075584E-03
  0.976183381892E-02  0.816402663165E-03
  0.993100288645E-02  0.844725408458E-03
  0.101030150652E-01  0.874011582854E-03
  0.102779181375E-01  0.904293492490E-03
  0.104557606886E-01  0.935604511884E-03
  0.106365921204E-01  0.967979118647E-03
  0.108204626649E-01  0.100145292929E-02
  0.110074233986E-01  0.103606273616E-02
  0.111975262561E-01  0.107184654554E-02
  0.113908240451E-01  0.110884361694E-02
  0.115873704606E-01  0.114709450364E-02
  0.117872201000E-01  0.118664109453E-02
  0.119904284786E-01  0.122752665716E-02
  0.121970520442E-01  0.126979588227E-02
  0.124071481938E-01  0.131349492963E-02
  0.126207752887E-01  0.135867147531E-02
  0.128379926712E-01  0.140537476047E-02
  0.130588606807E-01  0.145365564163E-02
  0.132834406709E-01  0.150356664249E-02
  0.135117950267E-01  0.155516200741E-02
  0.137439871812E-01  0.160849775645E-02
  0.139800816338E-01  0.166363174225E-02
  0.142201439678E-01  0.172062370851E-02
  0.144642408686E-01  0.177953535037E-02
  0.147124401427E-01  0.184043037660E-02
  0.149648107357E-01  0.190337457372E-02
  0.152214227523E-01  0.196843587205E-02
  0.154823474752E-01  0.203568441381E-02
  0.157476573852E-01  0.210519262326E-02
  0.160174261812E-01  0.217703527897E-02
  0.162917288008E-01  0.225128958833E-02
  0.165706414408E-01  0.232803526425E-02
  0.168542415787E-01  0.240735460419E-02
  0.171426079943E-01  0.248933257160E-02
  0.174358207911E-01  0.257405687977E-02
  0.177339614191E-01  0.266161807817E-02
  0.180371126970E-01  0.275210964145E-02
  0.183453588353E-01  0.284562806098E-02
  0.186587854602E-01  0.294227293918E-02
  0.189774796364E-01  0.304214708666E-02
  0.193015298923E-01  0.314535662212E-02
  0.196310262438E-01  0.325201107532E-02
  0.199660602199E-01  0.336222349298E-02
  0.203067248877E-01  0.347611054782E-02
  0.206531148784E-01  0.359379265075E-02
  0.210053264137E-01  0.371539406635E-02
  0.213634573325E-01  0.384104303167E-02
  0.217276071178E-01  0.397087187846E-02
  0.220978769247E-01  0.410501715892E-02
  0.224743696084E-01  0.424361977504E-02
  0.228571897524E-01  0.438682511166E-02
  0.232464436983E-01  0.453478317325E-02
  0.236422395746E-01  0.468764872464E-02
  0.240446873271E-01  0.484558143564E-02
  0.244538987496E-01  0.500874602976E-02
  0.248699875144E-01  0.517731243710E-02
  0.252930692045E-01  0.535145595144E-02
  0.257232613452E-01  0.553135739171E-02
  0.261606834372E-01  0.571720326790E-02
  0.266054569893E-01  0.590918595153E-02
  0.270577055528E-01  0.610750385076E-02
  0.275175547550E-01  0.631236159024E-02
  0.279851323348E-01  0.652397019580E-02
  0.284605681779E-01  0.674254728413E-02
  0.289439943529E-01  0.696831725748E-02
  0.294355451479E-01  0.720151150357E-02
  0.299353571080E-01  0.744236860067E-02
  0.304435690729E-01  0.769113452816E-02
  0.309603222161E-01  0.794806288247E-02
  0.314857600833E-01  0.821341509865E-02
  0.320200286330E-01  0.848746067757E-02
  0.325632762763E-01  0.877047741896E-02
  0.331156539191E-01  0.906275166026E-02
  0.336773150030E-01  0.936457852146E-02
  0.342484155487E-01  0.967626215609E-02
  0.348291141988E-01  0.999811600830E-02
  0.354195722623E-01  0.103304630762E-01
  0.360199537590E-01  0.106736361818E-01
  0.366304254656E-01  0.110279782467E-01
  0.372511569614E-01  0.113938425755E-01
  0.378823206757E-01  0.117715931446E-01
  0.385240919360E-01  0.121616048985E-01
  0.391766490161E-01  0.125642640526E-01
  0.398401731861E-01  0.129799684027E-01
  0.405148487625E-01  0.134091276418E-01
  0.412008631595E-01  0.138521636835E-01
  0.418984069412E-01  0.143095109928E-01
  0.426076738741E-01  0.147816169232E-01
  0.433288609814E-01  0.152689420621E-01
  0.440621685975E-01  0.157719605824E-01
  0.448078004237E-01  0.162911606014E-01
  0.455659635847E-01  0.168270445473E-01
  0.463368686863E-01  0.173801295324E-01
  0.471207298737E-01  0.179509477338E-01
  0.479177648911E-01  0.185400467811E-01
  0.487281951425E-01  0.191479901510E-01
  0.495522457524E-01  0.197753575698E-01
  0.503901456291E-01  0.204227454213E-01
  0.512421275279E-01  0.210907671636E-01
  0.521084281160E-01  0.217800537510E-01
  0.529892880380E-01  0.224912540638E-01
  0.538849519829E-01  0.232250353438E-01
  0.547956687520E-01  0.239820836368E-01
  0.557216913280E-01  0.247631042411E-01
  0.566632769453E-01  0.255688221621E-01
  0.576206871616E-01  0.263999825724E-01
  0.585941879303E-01  0.272573512779E-01
  0.595840496746E-01  0.281417151887E-01
  0.605905473624E-01  0.290538827952E-01
  0.616139605828E-01  0.299946846488E-01
  0.626545736240E-01  0.309649738464E-01
  0.637126755517E-01  0.319656265192E-01
  0.647885602900E-01  0.329975423240E-01
  0.658825267027E-01  0.340616449385E-01
  0.669948786764E-01  0.351588825573E-01
  0.681259252048E-01  0.362902283908E-01
  0.692759804748E-01  0.374566811642E-01
  0.704453639537E-01  0.386592656173E-01
  0.716344004777E-01  0.398990330037E-01
  0.728434203424E-01  0.411770615880E-01
  0.740727593943E-01  0.424944571419E-01
  0.753227591245E-01  0.438523534359E-01
  0.765937667631E-01  0.452519127281E-01
  0.778861353761E-01  0.466943262463E-01
  0.792002239629E-01  0.481808146649E-01
  0.805363975567E-01  0.497126285729E-01
  0.818950273254E-01  0.512910489337E-01
  0.832764906748E-01  0.529173875337E-01
  0.846811713537E-01  0.545929874193E-01
  0.861094595601E-01  0.563192233198E-01
  0.875617520501E-01  0.580975020548E-01
  0.890384522474E-01  0.599292629248E-01
  0.905399703562E-01  0.618159780813E-01
  0.920667234743E-01  0.637591528767E-01
  0.936191357098E-01  0.657603261898E-01
  0.951976382982E-01  0.678210707251E-01
  0.968026697226E-01  0.699429932838E-01
  0.984346758355E-01  0.721277350035E-01
  0.100094109982E+00  0.743769715631E-01
  0.101781433127E+00  0.766924133513E-01
  0.103497113983E+00  0.790758055945E-01
  0.105241629138E+00  0.815289284403E-01
  0.107015463191E+00  0.840535969944E-01
  0.108819108885E+00  0.866516613059E-01
  0.110653067244E+00  0.893250062978E-01
  0.112517847714E+00  0.920755516376E-01
  0.114413968300E+00  0.949052515444E-01
  0.116341955715E+00  0.978160945274E-01
  0.118302345524E+00  0.100810103051E+00
  0.120295682291E+00  0.103889333120E+00
  0.122322519735E+00  0.107055873784E+00
  0.124383420879E+00  0.110311846544E+00
  0.126478958208E+00  0.113659404672E+00
  0.128609713830E+00  0.117100732425E+00
  0.130776279634E+00  0.120638044140E+00
  0.132979257460E+00  0.124273583231E+00
  0.135219259258E+00  0.128009621042E+00
  0.137496907267E+00  0.131848455582E+00
  0.139812834181E+00  0.135792410113E+00
  0.142167683328E+00  0.139843831588E+00
  0.144562108847E+00  0.144005088937E+00
  0.146996775873E+00  0.148278571178E+00
  0.149472360717E+00  0.152666685354E+00
  0.151989551058E+00  0.157171854277E+00
  0.154549046132E+00  0.161796514078E+00
  0.157151556925E+00  0.166543111542E+00
  0.159797806375E+00  0.171414101220E+00
  0.162488529567E+00  0.176411942304E+00
  0.165224473942E+00  0.181539095249E+00
  0.168006399502E+00  0.186798018142E+00
  0.170835079022E+00  0.192191162777E+00
  0.173711298265E+00  0.197720970448E+00
  0.176635856199E+00  0.203389867429E+00
  0.179609565219E+00  0.209200260121E+00
  0.182633251376E+00  0.215154529865E+00
  0.185707754601E+00  0.221255027383E+00
  0.188833928944E+00  0.227504066844E+00
  0.192012642805E+00  0.233903919525E+00
  0.195244779181E+00  0.240456807047E+00
  0.198531235910E+00  0.247164894174E+00
  0.201872925916E+00  0.254030281138E+00
  0.205270777468E+00  0.261054995476E+00
  0.208725734436E+00  0.268240983355E+00
  0.212238756552E+00  0.275590100349E+00
  0.215810819679E+00  0.283104101658E+00
  0.219442916078E+00  0.290784631723E+00
  0.223136054690E+00  0.298633213223E+00
  0.226891261409E+00  0.306651235419E+00
  0.230709579374E+00  0.314839941805E+00
  0.234592069251E+00  0.323200417053E+00
  0.238539809536E+00  0.331733573199E+00
  0.242553896849E+00  0.340440135049E+00
  0.246635446239E+00  0.349320624755E+00
  0.250785591496E+00  0.358375345545E+00
  0.255005485466E+00  0.367604364544E+00
  0.259296300369E+00  0.377007494663E+00
  0.263659228124E+00  0.386584275505E+00
  0.268095480684E+00  0.396333953254E+00
  0.272606290371E+00  0.406255459493E+00
  0.277192910215E+00  0.416347388911E+00
  0.281856614308E+00  0.426607975850E+00
  0.286598698153E+00  0.437035069647E+00
  0.291420479026E+00  0.447626108708E+00
  0.296323296341E+00  0.458378093282E+00
  0.301308512023E+00  0.469287556864E+00
  0.306377510888E+00  0.480350536178E+00
  0.311531701022E+00  0.491562539689E+00
  0.316772514178E+00  0.502918514572E+00
  0.322101406172E+00  0.514412812094E+00
  0.327519857285E+00  0.526039151331E+00
  0.333029372678E+00  0.537790581175E+00
  0.338631482807E+00  0.549659440544E+00
  0.344327743849E+00  0.561637316745E+00
  0.350119738137E+00  0.573715001917E+00
  0.356009074594E+00  0.585882447473E+00
  0.361997389185E+00  0.598128716489E+00
  0.368086345370E+00  0.610441933936E+00
  0.374277634564E+00  0.622809234714E+00
  0.380572976610E+00  0.635216709370E+00
  0.386974120254E+00  0.647649347455E+00
  0.393482843633E+00  0.660090978410E+00
  0.400100954768E+00  0.672524209902E+00
  0.406830292065E+00  0.684930363538E+00
  0.413672724828E+00  0.697289407835E+00
  0.420630153776E+00  0.709579888377E+00
  0.427704511574E+00  0.721778855044E+00
  0.434897763366E+00  0.733861786235E+00
  0.442211907325E+00  0.745802509943E+00
  0.449648975203E+00  0.757573121616E+00
  0.457211032902E+00  0.769143898656E+00
  0.464900181040E+00  0.780483211470E+00
  0.472718555543E+00  0.791557430915E+00
  0.480668328230E+00  0.802330832058E+00
  0.488751707424E+00  0.812765494070E+00
  0.496970938559E+00  0.822821196169E+00
  0.505328304808E+00  0.832455309423E+00
  0.513826127715E+00  0.841622684318E+00
  0.522466767842E+00  0.850275533896E+00
  0.531252625421E+00  0.858363312356E+00
  0.540186141026E+00  0.865832588918E+00
  0.549269796245E+00  0.872626916841E+00
  0.558506114375E+00  0.878686697388E+00
  0.567897661119E+00  0.883949038639E+00
  0.577447045301E+00  0.888347608930E+00
  0.587156919588E+00  0.891812484849E+00
  0.597029981230E+00  0.894269993561E+00
  0.607068972808E+00  0.895642549418E+00
  0.617276682996E+00  0.895848484658E+00
  0.627655947333E+00  0.894801874152E+00
  0.638209649016E+00  0.892412354070E+00
  0.648940719696E+00  0.888584934434E+00
  0.659852140296E+00  0.883219805508E+00
  0.670946941835E+00  0.876212138017E+00
  0.682228206274E+00  0.867451877209E+00
  0.693699067371E+00  0.856823530822E+00
  0.705362711549E+00  0.844205951010E+00
  0.717222378785E+00  0.829472110356E+00
  0.729281363506E+00  0.812488872087E+00
  0.741543015509E+00  0.793116754654E+00
  0.754010740886E+00  0.771209690853E+00
  0.766688002976E+00  0.746614781660E+00
  0.779578323320E+00  0.719172045022E+00
  0.792685282647E+00  0.688714159768E+00
  0.806012521863E+00  0.655066204919E+00
  0.819563743064E+00  0.618045394598E+00
  0.833342710566E+00  0.577460808838E+00
  0.847353251947E+00  0.533113120559E+00
  0.861599259117E+00  0.484794319088E+00
  0.876084689389E+00  0.432287430589E+00
  0.890813566589E+00  0.375366235870E+00
  0.905789982164E+00  0.313794985964E+00
  0.921018096329E+00  0.247328115836E+00
  0.936502139210E+00  0.175709956116E+00
  0.952246412033E+00  0.986744419818E-01
  0.968255288305E+00  0.159448166146E-01
  0.984533215042E+00 -0.727666762861E-01
  0.100108471399E+01 -0.167759121508E+00
  0.101791438290E+01 -0.269343301333E+00
  0.103502689679E+01 -0.377842134703E+00
  0.105242700924E+01 -0.493591232482E+00
  0.107011955373E+01 -0.616939633225E+00
  0.108810944497E+01 -0.748250800857E+00
  0.110640168026E+01 -0.887903970267E+00
  0.112500134090E+01 -0.103629590092E+01
  0.114391359358E+01 -0.119384301385E+01
  0.116314369183E+01 -0.136098371605E+01
  0.118269697747E+01 -0.153818045013E+01
  0.120257888208E+01 -0.172592071037E+01
  0.122279492855E+01 -0.192471612102E+01
  0.124335073258E+01 -0.213509897598E+01
  0.126425200424E+01 -0.235761658255E+01
  0.128550454958E+01 -0.259282504768E+01
  0.130711427221E+01 -0.284128488531E+01
  0.132908717499E+01 -0.310356019683E+01
  0.135142936163E+01 -0.338022145761E+01
  0.137414703843E+01 -0.367185041269E+01
  0.139724651603E+01 -0.397904519567E+01
  0.142073421107E+01 -0.430242439644E+01
  0.144461664807E+01 -0.464262966718E+01
  0.146890046121E+01 -0.500032704899E+01
  0.149359239612E+01 -0.537620742063E+01
  0.151869931186E+01 -0.577098645454E+01
  0.154422818271E+01 -0.618540435616E+01
  0.157018610021E+01 -0.662022555448E+01
  0.159658027504E+01 -0.707623843130E+01
  0.162341803909E+01 -0.755425513261E+01
  0.165070684748E+01 -0.805511148283E+01
  0.167845428059E+01 -0.857966701793E+01
  0.170666804623E+01 -0.912880515358E+01
  0.173535598174E+01 -0.970343350870E+01
  0.176452605617E+01 -0.103044844086E+02
  0.179418637251E+01 -0.109329155936E+02
  0.182434516992E+01 -0.115897111632E+02
  0.185501082605E+01 -0.122758827818E+02
  0.188619185932E+01 -0.129924711792E+02
  0.191789693135E+01 -0.137405479716E+02
  0.195013484928E+01 -0.145212178397E+02
  0.198291456832E+01 -0.153356210898E+02
  0.201624519415E+01 -0.161849366413E+02
  transformed atomic waves - 
