  position
     6   1             ! nwfc1,  nwfc2
   0 0 1 1 2 2         ! lwfc1(1:nwfc1)
   0                   ! lwfc2(1:nwfc2)
            28         ! nonzero elements (i,j,ixyz,cR,cI,lv,mv,lc,mc,operator)
    1  1  4   -0.7363229997281451E-05   0.0000000000000000E+00   0   0   0   0  x^2
    1  1  5   -0.7363229997281451E-05   0.0000000000000000E+00   0   0   0   0  y^2
    1  1  6   -0.7363229997281451E-05   0.0000000000000000E+00   0   0   0   0  z^2
    2  1  4   -0.1563650016578322E-05   0.0000000000000000E+00   0   0   0   0  x^2
    2  1  5   -0.1563650016578322E-05   0.0000000000000000E+00   0   0   0   0  y^2
    2  1  6   -0.1563650016578322E-05   0.0000000000000000E+00   0   0   0   0  z^2
    3  1  3    0.5852062604390085E-03   0.0000000000000000E+00   1   0   0   0  z  
    4  1  1    0.5852062604390085E-03   0.0000000000000000E+00   1   1   0   0  x  
    5  1  2    0.5852062604390085E-03   0.0000000000000000E+00   1  -1   0   0  y  
    6  1  3    0.3105394134763628E-03   0.0000000000000000E+00   1   0   0   0  z  
    7  1  1    0.3105394134763628E-03   0.0000000000000000E+00   1   1   0   0  x  
    8  1  2    0.3105394134763628E-03   0.0000000000000000E+00   1  -1   0   0  y  
    9  1  4   -0.1711022014205810E-04   0.0000000000000000E+00   2   0   0   0  x^2
    9  1  5   -0.1711022014205810E-04   0.0000000000000000E+00   2   0   0   0  y^2
    9  1  6    0.3422044028411619E-04   0.0000000000000000E+00   2   0   0   0  z^2
   10  1  9    0.2963577026093844E-04   0.0000000000000000E+00   2   1   0   0  zx 
   11  1  8    0.2963577026093844E-04   0.0000000000000000E+00   2  -1   0   0  yz 
   12  1  4    0.2963577026093844E-04   0.0000000000000000E+00   2   2   0   0  x^2
   12  1  5   -0.2963577026093844E-04   0.0000000000000000E+00   2   2   0   0  y^2
   13  1  7    0.2963577026093844E-04   0.0000000000000000E+00   2  -2   0   0  xy 
   14  1  4    0.1976362545974553E-04   0.0000000000000000E+00   2   0   0   0  x^2
   14  1  5    0.1976362545974553E-04   0.0000000000000000E+00   2   0   0   0  y^2
   14  1  6   -0.3952725091949105E-04   0.0000000000000000E+00   2   0   0   0  z^2
   15  1  9   -0.3423160524107516E-04   0.0000000000000000E+00   2   1   0   0  zx 
   16  1  8   -0.3423160524107516E-04   0.0000000000000000E+00   2  -1   0   0  yz 
   17  1  4   -0.3423160524107516E-04   0.0000000000000000E+00   2   2   0   0  x^2
   17  1  5    0.3423160524107516E-04   0.0000000000000000E+00   2   2   0   0  y^2
   18  1  7   -0.3423160524107516E-04   0.0000000000000000E+00   2  -2   0   0  xy 
