  position
     4   1             ! nwfc1,  nwfc2
   0 0 1 1             ! lwfc1(1:nwfc1)
   0                   ! lwfc2(1:nwfc2)
      12               ! nonzero elements (i,j,ixyz,cR,cI,lv,mv,lc,mc,orbit)
    1  1  4  -0.145660236478E+00  0.000000000000E+00   0   0   0   0  x^2
    1  1  5  -0.145660236478E+00  0.000000000000E+00   0   0   0   0  y^2
    1  1  6  -0.145660236478E+00  0.000000000000E+00   0   0   0   0  z^2
    2  1  4  -0.216213631630E+01  0.000000000000E+00   0   0   0   0  x^2
    2  1  5  -0.216213631630E+01  0.000000000000E+00   0   0   0   0  y^2
    2  1  6  -0.216213631630E+01  0.000000000000E+00   0   0   0   0  z^2
    3  1  3  -0.984076559544E-01  0.000000000000E+00   1   0   0   0  z  
    4  1  1  -0.984076559544E-01  0.000000000000E+00   1   1   0   0  x  
    5  1  2  -0.984076559544E-01  0.000000000000E+00   1  -1   0   0  y  
    6  1  3   0.124637186527E+00  0.000000000000E+00   1   0   0   0  z  
    7  1  1   0.124637186527E+00  0.000000000000E+00   1   1   0   0  x  
    8  1  2   0.124637186527E+00  0.000000000000E+00   1  -1   0   0  y  
