1
         889           1         410
  0.000000000000E+00  0.000000000000E+00
  0.100882878762E-05  0.112679017476E-08
  0.203490209543E-05  0.458443308371E-08
  0.307851469443E-05  0.104921574117E-07
  0.413996639433E-05  0.189737255385E-07
  0.521956212967E-05  0.301575686996E-07
  0.631761204740E-05  0.437369712762E-07
  0.743443159602E-05  0.601420480966E-07
  0.857034161618E-05  0.794957309290E-07
  0.972566843284E-05  0.101852299834E-06
  0.109007439490E-04  0.127358599895E-06
  0.120959057412E-04  0.156122820153E-06
  0.133114971563E-04  0.188262456297E-06
  0.145478674101E-04  0.223902203250E-06
  0.158053716879E-04  0.263168361645E-06
  0.170843712463E-04  0.306191084184E-06
  0.183852335172E-04  0.353103989983E-06
  0.197083322131E-04  0.404044171944E-06
  0.210540474347E-04  0.459152318176E-06
  0.224227657799E-04  0.518572787187E-06
  0.238148804550E-04  0.582453705091E-06
  0.252307913877E-04  0.650947069570E-06
  0.266709053416E-04  0.724208859245E-06
  0.281356360338E-04  0.802399148542E-06
  0.296254042529E-04  0.885682227605E-06
  0.311406379806E-04  0.974226727226E-06
  0.326817725142E-04  0.106820574890E-05
  0.342492505918E-04  0.116779700019E-05
  0.358435225196E-04  0.127318293559E-05
  0.374650463010E-04  0.138455090323E-05
  0.391142877684E-04  0.150209329755E-05
  0.407917207170E-04  0.162600771835E-05
  0.424978270408E-04  0.175649713643E-05
  0.442330968711E-04  0.189377006605E-05
  0.459980287174E-04  0.203804074461E-05
  0.477931296105E-04  0.218952931970E-05
  0.496189152481E-04  0.234846204386E-05
  0.514759101430E-04  0.251507147735E-05
  0.533646477741E-04  0.268959669906E-05
  0.552856707389E-04  0.287228352612E-05
  0.572395309104E-04  0.306338474215E-05
  0.592267895947E-04  0.326316033466E-05
  0.612480176927E-04  0.347187774180E-05
  0.633037958642E-04  0.368981210875E-05
  0.653947146945E-04  0.391724655395E-05
  0.675213748641E-04  0.415447244564E-05
  0.696843873212E-04  0.440178968874E-05
  0.718843734576E-04  0.465950702254E-05
  0.741219652867E-04  0.492794232939E-05
  0.763978056253E-04  0.520742295470E-05
  0.787125482783E-04  0.549828603854E-05
  0.810668582264E-04  0.580087885900E-05
  0.834614118174E-04  0.611555918785E-05
  0.858968969601E-04  0.644269565844E-05
  0.883740133224E-04  0.678266814645E-05
  0.908934725318E-04  0.713586816350E-05
  0.934559983802E-04  0.750269926411E-05
  0.960623270317E-04  0.788357746611E-05
  0.987132072340E-04  0.827893168500E-05
  0.101409400534E-03  0.868920418229E-05
  0.104151681495E-03  0.911485102834E-05
  0.106940837922E-03  0.955634257986E-05
  0.109777671086E-03  0.100141639724E-04
  0.112662995954E-03  0.104888156283E-04
  0.115597641423E-03  0.109808137797E-04
  0.118582450561E-03  0.114906910085E-04
  0.121618280846E-03  0.120189968013E-04
  0.124706004413E-03  0.125662981222E-04
  0.127846508304E-03  0.131331800013E-04
  0.131040694727E-03  0.137202461418E-04
  0.134289481309E-03  0.143281195433E-04
  0.137593801363E-03  0.149574431448E-04
  0.140954604157E-03  0.156088804846E-04
  0.144372855185E-03  0.162831163804E-04
  0.147849536443E-03  0.169808576279E-04
  0.151385646716E-03  0.177028337195E-04
  0.154982201858E-03  0.184497975835E-04
  0.158640235091E-03  0.192225263441E-04
  0.162360797297E-03  0.200218221028E-04
  0.166144957322E-03  0.208485127415E-04
  0.169993802280E-03  0.217034527491E-04
  0.173908437872E-03  0.225875240705E-04
  0.177889988697E-03  0.235016369802E-04
  0.181939598575E-03  0.244467309808E-04
  0.186058430883E-03  0.254237757263E-04
  0.190247668881E-03  0.264337719730E-04
  0.194508516056E-03  0.274777525564E-04
  0.198842196467E-03  0.285567833974E-04
  0.203249955096E-03  0.296719645373E-04
  0.207733058208E-03  0.308244312027E-04
  0.212292793710E-03  0.320153549023E-04
  0.216930471528E-03  0.332459445557E-04
  0.221647423975E-03  0.345174476564E-04
  0.226445006141E-03  0.358311514687E-04
  0.231324596279E-03  0.371883842617E-04
  0.236287596200E-03  0.385905165808E-04
  0.241335431679E-03  0.400389625569E-04
  0.246469552860E-03  0.415351812577E-04
  0.251691434678E-03  0.430806780794E-04
  0.257002577277E-03  0.446770061828E-04
  0.262404506447E-03  0.463257679739E-04
  0.267898774057E-03  0.480286166311E-04
  0.273486958504E-03  0.497872576815E-04
  0.279170665165E-03  0.516034506265E-04
  0.284951526859E-03  0.534790106199E-04
  0.290831204316E-03  0.554158101997E-04
  0.296811386654E-03  0.574157810756E-04
  0.302893791862E-03  0.594809159745E-04
  0.309080167299E-03  0.616132705449E-04
  0.315372290190E-03  0.638149653239E-04
  0.321771968141E-03  0.660881877682E-04
  0.328281039654E-03  0.684351943499E-04
  0.334901374662E-03  0.708583127218E-04
  0.341634875056E-03  0.733599439529E-04
  0.348483475243E-03  0.759425648361E-04
  0.355449142691E-03  0.786087302720E-04
  0.362533878503E-03  0.813610757296E-04
  0.369739717987E-03  0.842023197874E-04
  0.377068731240E-03  0.871352667571E-04
  0.384523023746E-03  0.901628093927E-04
  0.392104736979E-03  0.932879316873E-04
  0.399816049018E-03  0.965137117611E-04
  0.407659175175E-03  0.998433248423E-04
  0.415636368628E-03  0.103280046345E-03
  0.423749921069E-03  0.106827255045E-03
  0.432002163366E-03  0.110488436364E-03
  0.440395466229E-03  0.114267185748E-03
  0.448932240890E-03  0.118167212167E-03
  0.457614939799E-03  0.122192341720E-03
  0.466446057329E-03  0.126346521357E-03
  0.475428130488E-03  0.130633822722E-03
  0.484563739653E-03  0.135058446116E-03
  0.493855509306E-03  0.139624724589E-03
  0.503306108794E-03  0.144337128164E-03
  0.512918253090E-03  0.149200268192E-03
  0.522694703579E-03  0.154218901848E-03
  0.532638268844E-03  0.159397936769E-03
  0.542751805481E-03  0.164742435845E-03
  0.553038218911E-03  0.170257622150E-03
  0.563500464223E-03  0.175948884043E-03
  0.574141547018E-03  0.181821780424E-03
  0.584964524272E-03  0.187882046153E-03
  0.595972505218E-03  0.194135597649E-03
  0.607168652235E-03  0.200588538662E-03
  0.618556181760E-03  0.207247166221E-03
  0.630138365209E-03  0.214117976785E-03
  0.641918529920E-03  0.221207672569E-03
  0.653900060107E-03  0.228523168086E-03
  0.666086397830E-03  0.236071596883E-03
  0.678481043989E-03  0.243860318497E-03
  0.691087559327E-03  0.251896925622E-03
  0.703909565450E-03  0.260189251508E-03
  0.716950745873E-03  0.268745377586E-03
  0.730214847075E-03  0.277573641337E-03
  0.743705679576E-03  0.286682644399E-03
  0.757427119030E-03  0.296081260941E-03
  0.771383107342E-03  0.305778646283E-03
  0.785577653797E-03  0.315784245785E-03
  0.800014836213E-03  0.326107804038E-03
  0.814698802114E-03  0.336759374304E-03
  0.829633769919E-03  0.347749328278E-03
  0.844824030156E-03  0.359088366134E-03
  0.860273946691E-03  0.370787526894E-03
  0.875987957987E-03  0.382858199111E-03
  0.891970578376E-03  0.395312131884E-03
  0.908226399355E-03  0.408161446215E-03
  0.924760090906E-03  0.421418646708E-03
  0.941576402840E-03  0.435096633638E-03
  0.958680166157E-03  0.449208715381E-03
  0.976076294439E-03  0.463768621232E-03
  0.993769785254E-03  0.478790514608E-03
  0.101176572160E-02  0.494289006660E-03
  0.103006927337E-02  0.510279170299E-03
  0.104868569880E-02  0.526776554641E-03
  0.106762034605E-02  0.543797199904E-03
  0.108687865467E-02  0.561357652744E-03
  0.110646615720E-02  0.579474982062E-03
  0.112638848074E-02  0.598166795283E-03
  0.114665134861E-02  0.617451255130E-03
  0.116726058192E-02  0.637347096901E-03
  0.118822210131E-02  0.657873646258E-03
  0.120954192862E-02  0.679050837559E-03
  0.123122618862E-02  0.700899232725E-03
  0.125328111079E-02  0.723440040678E-03
  0.127571303107E-02  0.746695137355E-03
  0.129852839372E-02  0.770687086306E-03
  0.132173375315E-02  0.795439159913E-03
  0.134533577582E-02  0.820975361227E-03
  0.136934124213E-02  0.847320446448E-03
  0.139375704838E-02  0.874499948063E-03
  0.141859020876E-02  0.902540198663E-03
  0.144384785736E-02  0.931468355451E-03
  0.146953725022E-02  0.961312425465E-03
  0.149566576739E-02  0.992101291523E-03
  0.152224091510E-02  0.102386473893E-02
  0.154927032788E-02  0.105663348295E-02
  0.157676177074E-02  0.109043919703E-02
  0.160472314144E-02  0.112531454193E-02
  0.163316247276E-02  0.116129319554E-02
  0.166208793476E-02  0.119840988367E-02
  0.169150783716E-02  0.123670041161E-02
  0.172143063173E-02  0.127620169670E-02
  0.175186491471E-02  0.131695180165E-02
  0.178281942929E-02  0.135898996896E-02
  0.181430306810E-02  0.140235665616E-02
  0.184632487577E-02  0.144709357211E-02
  0.187889405155E-02  0.149324371428E-02
  0.191201995194E-02  0.154085140702E-02
  0.194571209336E-02  0.158996234094E-02
  0.197998015493E-02  0.164062361328E-02
  0.201483398117E-02  0.169288376945E-02
  0.205028358494E-02  0.174679284562E-02
  0.208633915021E-02  0.180240241253E-02
  0.212301103505E-02  0.185976562037E-02
  0.216030977458E-02  0.191893724492E-02
  0.219824608400E-02  0.197997373487E-02
  0.223683086169E-02  0.204293326039E-02
  0.227607519231E-02  0.210787576300E-02
  0.231599034999E-02  0.217486300662E-02
  0.235658780158E-02  0.224395863004E-02
  0.239787920995E-02  0.231522820071E-02
  0.243987643732E-02  0.238873926983E-02
  0.248259154868E-02  0.246456142886E-02
  0.252603681525E-02  0.254276636749E-02
  0.257022471803E-02  0.262342793294E-02
  0.261516795133E-02  0.270662219082E-02
  0.266087942648E-02  0.279242748738E-02
  0.270737227550E-02  0.288092451336E-02
  0.275465985490E-02  0.297219636926E-02
  0.280275574946E-02  0.306632863225E-02
  0.285167377622E-02  0.316340942457E-02
  0.290142798838E-02  0.326352948359E-02
  0.295203267936E-02  0.336678223345E-02
  0.300350238690E-02  0.347326385830E-02
  0.305585189726E-02  0.358307337722E-02
  0.310909624945E-02  0.369631272081E-02
  0.316325073952E-02  0.381308680945E-02
  0.321833092503E-02  0.393350363322E-02
  0.327435262943E-02  0.405767433357E-02
  0.333133194669E-02  0.418571328671E-02
  0.338928524585E-02  0.431773818872E-02
  0.344822917579E-02  0.445387014234E-02
  0.350818066994E-02  0.459423374563E-02
  0.356915695121E-02  0.473895718226E-02
  0.363117553692E-02  0.488817231362E-02
  0.369425424379E-02  0.504201477264E-02
  0.375841119313E-02  0.520062405939E-02
  0.382366481597E-02  0.536414363841E-02
  0.389003385843E-02  0.553272103777E-02
  0.395753738704E-02  0.570650794986E-02
  0.402619479427E-02  0.588566033389E-02
  0.409602580405E-02  0.607033852009E-02
  0.416705047749E-02  0.626070731554E-02
  0.423928921860E-02  0.645693611166E-02
  0.431276278017E-02  0.665919899337E-02
  0.438749226973E-02  0.686767484972E-02
  0.446349915563E-02  0.708254748616E-02
  0.454080527316E-02  0.730400573819E-02
  0.461943283088E-02  0.753224358659E-02
  0.469940441697E-02  0.776746027389E-02
  0.478074300572E-02  0.800986042227E-02
  0.486347196412E-02  0.825965415266E-02
  0.494761505860E-02  0.851705720504E-02
  0.503319646186E-02  0.878229105980E-02
  0.512024075976E-02  0.905558306015E-02
  0.520877295846E-02  0.933716653541E-02
  0.529881849154E-02  0.962728092508E-02
  0.539040322734E-02  0.992617190366E-02
  0.548355347638E-02  0.102340915059E-01
  0.557829599892E-02  0.105512982527E-01
  0.567465801267E-02  0.108780572769E-01
  0.577266720055E-02  0.112146404496E-01
  0.587235171872E-02  0.115613265064E-01
  0.597374020460E-02  0.119184011727E-01
  0.607686178516E-02  0.122861572901E-01
  0.618174608521E-02  0.126648949401E-01
  0.628842323600E-02  0.130549215691E-01
  0.639692388379E-02  0.134565521106E-01
  0.650727919874E-02  0.138701091071E-01
  0.661952088378E-02  0.142959228302E-01
  0.673368118379E-02  0.147343313984E-01
  0.684979289480E-02  0.151856808932E-01
  0.696788937346E-02  0.156503254727E-01
  0.708800454660E-02  0.161286274822E-01
  0.721017292100E-02  0.166209575616E-01
  0.733442959325E-02  0.171276947494E-01
  0.746081025991E-02  0.176492265829E-01
  0.758935122768E-02  0.181859491934E-01
  0.772008942391E-02  0.187382673979E-01
  0.785306240713E-02  0.193065947839E-01
  0.798830837793E-02  0.198913537899E-01
  0.812586618985E-02  0.204929757788E-01
  0.826577536058E-02  0.211119011048E-01
  0.840807608333E-02  0.217485791732E-01
  0.855280923834E-02  0.224034684917E-01
  0.870001640464E-02  0.230770367139E-01
  0.884973987200E-02  0.237697606725E-01
  0.900202265308E-02  0.244821264041E-01
  0.915690849578E-02  0.252146291622E-01
  0.931444189580E-02  0.259677734191E-01
  0.947466810943E-02  0.267420728563E-01
  0.963763316658E-02  0.275380503413E-01
  0.980338388394E-02  0.283562378909E-01
  0.997196787848E-02  0.291971766200E-01
  0.101434335811E-01  0.300614166744E-01
  0.103178302507E-01  0.309495171476E-01
  0.104952079879E-01  0.318620459798E-01
  0.106756177500E-01  0.327995798381E-01
  0.108591113652E-01  0.337627039777E-01
  0.110457415476E-01  0.347520120820E-01
  0.112355619126E-01  0.357681060804E-01
  0.114286269918E-01  0.368115959438E-01
  0.116249922490E-01  0.378830994553E-01
  0.118247140963E-01  0.389832419549E-01
  0.120278499099E-01  0.401126560585E-01
  0.122344580466E-01  0.412719813468E-01
  0.124445978611E-01  0.424618640259E-01
  0.126583297225E-01  0.436829565561E-01
  0.128757150318E-01  0.449359172480E-01
  0.130968162395E-01  0.462214098241E-01
  0.133216968638E-01  0.475401029451E-01
  0.135504215085E-01  0.488926696984E-01
  0.137830558819E-01  0.502797870471E-01
  0.140196668151E-01  0.517021352382E-01
  0.142603222821E-01  0.531603971690E-01
  0.145050914184E-01  0.546552577073E-01
  0.147540445415E-01  0.561874029670E-01
  0.150072531708E-01  0.577575195343E-01
  0.152647900482E-01  0.593662936438E-01
  0.155267291591E-01  0.610144103036E-01
  0.157931457535E-01  0.627025523647E-01
  0.160641163678E-01  0.644313995355E-01
  0.163397188466E-01  0.662016273377E-01
  0.166200323652E-01  0.680139060018E-01
  0.169051374521E-01  0.698688993004E-01
  0.171951160126E-01  0.717672633175E-01
  0.174900513519E-01  0.737096451504E-01
  0.177900281992E-01  0.756966815437E-01
  0.180951327320E-01  0.777289974524E-01
  0.184054526011E-01  0.798072045313E-01
  0.187210769552E-01  0.819318995509E-01
  0.190420964671E-01  0.841036627345E-01
  0.193686033596E-01  0.863230560175E-01
  0.197006914317E-01  0.885906212247E-01
  0.200384560860E-01  0.909068781650E-01
  0.203819943556E-01  0.932723226398E-01
  0.207314049325E-01  0.956874243661E-01
  0.210867881956E-01  0.981526248093E-01
  0.214482462396E-01  0.100668334926E+00
  0.218158829044E-01  0.103234932815E+00
  0.221898038049E-01  0.105852761272E+00
  0.225701163613E-01  0.108522125255E+00
  0.229569298302E-01  0.111243289246E+00
  0.233503553354E-01  0.114016474517E+00
  0.237505059006E-01  0.116841856305E+00
  0.241574964812E-01  0.119719560873E+00
  0.245714439978E-01  0.122649662485E+00
  0.249924673695E-01  0.125632180272E+00
  0.254206875481E-01  0.128667075001E+00
  0.258562275531E-01  0.131754245740E+00
  0.262992125066E-01  0.134893526427E+00
  0.267497696696E-01  0.138084682335E+00
  0.272080284786E-01  0.141327406442E+00
  0.276741205823E-01  0.144621315699E+00
  0.281481798801E-01  0.147965947210E+00
  0.286303425599E-01  0.151360754305E+00
  0.291207471379E-01  0.154805102537E+00
  0.296195344977E-01  0.158298265578E+00
  0.301268479313E-01  0.161839421037E+00
  0.306428331800E-01  0.165427646191E+00
  0.311676384765E-01  0.169061913645E+00
  0.317014145871E-01  0.172741086918E+00
  0.322443148553E-01  0.176463915955E+00
  0.327964952459E-01  0.180229032594E+00
  0.333581143897E-01  0.184034945961E+00
  0.339293336289E-01  0.187880037835E+00
  0.345103170639E-01  0.191762557963E+00
  0.351012315998E-01  0.195680619355E+00
  0.357022469950E-01  0.199632193551E+00
  0.363135359097E-01  0.203615105886E+00
  0.369352739552E-01  0.207627030753E+00
  0.375676397448E-01  0.211665486883E+00
  0.382108149452E-01  0.215727832646E+00
  0.388649843279E-01  0.219811261397E+00
  0.395303358233E-01  0.223912796875E+00
  0.402070605739E-01  0.228029288671E+00
  0.408953529897E-01  0.232157407773E+00
  0.415954108037E-01  0.236293642223E+00
  0.423074351291E-01  0.240434292874E+00
  0.430316305166E-01  0.244575469291E+00
  0.437682050135E-01  0.248713085795E+00
  0.445173702235E-01  0.252842857670E+00
  0.452793413672E-01  0.256960297557E+00
  0.460543373442E-01  0.261060712050E+00
  0.468425807958E-01  0.265139198499E+00
  0.476442981692E-01  0.269190642069E+00
  0.484597197821E-01  0.273209713037E+00
  0.492890798896E-01  0.277190864396E+00
  0.501326167506E-01  0.281128329732E+00
  0.509905726969E-01  0.285016121467E+00
  0.518631942028E-01  0.288848029438E+00
  0.527507319556E-01  0.292617619894E+00
  0.536534409275E-01  0.296318234903E+00
  0.545715804495E-01  0.299942992270E+00
  0.555054142852E-01  0.303484785928E+00
  0.564552107071E-01  0.306936286948E+00
  0.574212425732E-01  0.310289945115E+00
  0.584037874060E-01  0.313537991226E+00
  0.594031274713E-01  0.316672440056E+00
  0.604195498604E-01  0.319685094153E+00
  0.614533465717E-01  0.322567548399E+00
  0.625048145950E-01  0.325311195514E+00
  0.635742559968E-01  0.327907232404E+00
  0.646619780067E-01  0.330346667560E+00
  0.657682931064E-01  0.332620329378E+00
  0.668935191187E-01  0.334718875599E+00
  0.680379792993E-01  0.336632803751E+00
  0.692020024295E-01  0.338352462761E+00
  0.703859229106E-01  0.339868065623E+00
  0.715900808600E-01  0.341169703276E+00
  0.728148222090E-01  0.342247359573E+00
  0.740604988021E-01  0.343090927502E+00
  0.753274684981E-01  0.343690226522E+00
  0.766160952728E-01  0.344035021169E+00
  0.779267493238E-01  0.344115040815E+00
  0.792598071766E-01  0.343920000718E+00
  0.806156517931E-01  0.343439624249E+00
  0.819946726810E-01  0.342663666420E+00
  0.833972660063E-01  0.341581938620E+00
  0.848238347072E-01  0.340184334641E+00
  0.862747886090E-01  0.338460857936E+00
  0.877505445428E-01  0.336401650140E+00
  0.892515264647E-01  0.333997020824E+00
  0.907781655777E-01  0.331237478470E+00
  0.923309004558E-01  0.328113762662E+00
  0.939101771696E-01  0.324616877433E+00
  0.955164494148E-01  0.320738125784E+00
  0.971501786423E-01  0.316469145268E+00
  0.988118341909E-01  0.311801944697E+00
  0.100501893422E+00  0.306728941770E+00
  0.102220841857E+00  0.301243001757E+00
  0.103969173317E+00  0.295337476942E+00
  0.105747390062E+00  0.289006247008E+00
  0.107556002942E+00  0.282243759992E+00
  0.109395531534E+00  0.275045074039E+00
  0.111266504301E+00  0.267405899493E+00
  0.113169458736E+00  0.259322641615E+00
  0.115104941521E+00  0.250792443370E+00
  0.117073508683E+00  0.241813228612E+00
  0.119075725753E+00  0.232383745059E+00
  0.121112167930E+00  0.222503607374E+00
  0.123183420244E+00  0.212173339722E+00
  0.125290077725E+00  0.201394418117E+00
  0.127432745576E+00  0.190169311875E+00
  0.129612039344E+00  0.178501524496E+00
  0.131828585097E+00  0.166395633271E+00
  0.134083019606E+00  0.153857327900E+00
  0.136375990527E+00  0.140893447425E+00
  0.138708156585E+00  0.127512015721E+00
  0.141080187768E+00  0.113722274874E+00
  0.143492765513E+00  0.995347166315E-01
  0.145946582908E+00  0.849611112879E-01
  0.148442344887E+00  0.700145341302E-01
  0.150980768433E+00  0.547093888745E-01
  0.153562582787E+00  0.390614281165E-01
  0.156188529655E+00  0.230877703252E-01
  0.158859363419E+00  0.680691330899E-02
  0.161575851359E+00 -0.976125623166E-02
  0.164338773870E+00 -0.265954572066E-01
  0.167148924684E+00 -0.436730129994E-01
  0.170007111105E+00 -0.609698548763E-01
  0.172914154234E+00 -0.784605301739E-01
  0.175870889208E+00 -0.961182154369E-01
  0.178878165440E+00 -0.113914734678E+00
  0.181936846863E+00 -0.131820582828E+00
  0.185047812175E+00 -0.149804954506E+00
  0.188211955098E+00 -0.167835777961E+00
  0.191430184628E+00 -0.185879754292E+00
  0.194703425300E+00 -0.203902401504E+00
  0.198032617454E+00 -0.221868103555E+00
  0.201418717501E+00 -0.239740163622E+00
  0.204862698203E+00 -0.257480861990E+00
  0.208365548948E+00 -0.275051517539E+00
  0.211928276038E+00 -0.292412553781E+00
  0.215551902976E+00 -0.309523568356E+00
  0.219237470759E+00 -0.326343407784E+00
  0.222986038180E+00 -0.342830246490E+00
  0.226798682129E+00 -0.358941672869E+00
  0.230676497905E+00 -0.374634781388E+00
  0.234620599530E+00 -0.389866274117E+00
  0.238632120068E+00 -0.404592570011E+00
  0.242712211952E+00 -0.418769925012E+00
  0.246862047311E+00 -0.432354559671E+00
  0.251082818315E+00 -0.445302796205E+00
  0.255375737508E+00 -0.457571200077E+00
  0.259742038164E+00 -0.469116727311E+00
  0.264182974635E+00 -0.479896872414E+00
  0.268699822718E+00 -0.489869818646E+00
  0.273293880015E+00 -0.498994586647E+00
  0.277966466310E+00 -0.507231183921E+00
  0.282718923947E+00 -0.514540752407E+00
  0.287552618214E+00 -0.520885716508E+00
  0.292468937739E+00 -0.526229929583E+00
  0.297469294885E+00 -0.530538820192E+00
  0.302555126158E+00 -0.533779536814E+00
  0.307727892618E+00 -0.535921090747E+00
  0.312989080302E+00 -0.536934496943E+00
  0.318340200647E+00 -0.536792910763E+00
  0.323782790926E+00 -0.535471761916E+00
  0.329318414690E+00 -0.532948881794E+00
  0.334948662216E+00 -0.529204627389E+00
  0.340675150967E+00 -0.524221996219E+00
  0.346499526050E+00 -0.517986737567E+00
  0.352423460698E+00 -0.510487452655E+00
  0.358448656740E+00 -0.501715691179E+00
  0.364576845100E+00 -0.491666035038E+00
  0.370809786287E+00 -0.480336178644E+00
  0.377149270906E+00 -0.467726995005E+00
  0.383597120166E+00 -0.453842598575E+00
  0.390155186410E+00 -0.438690392742E+00
  0.396825353645E+00 -0.422281114105E+00
  0.403609538080E+00 -0.404628860527E+00
  0.410509688679E+00 -0.385751115714E+00
  0.417527787723E+00 -0.365668756967E+00
  0.424665851375E+00 -0.344406058882E+00
  0.431925930264E+00 -0.321990679873E+00
  0.439310110069E+00 -0.298453643721E+00
  0.446820512122E+00 -0.273829303875E+00
  0.454459294017E+00 -0.248155301547E+00
  0.462228650227E+00 -0.221472506781E+00
  0.470130812739E+00 -0.193824951893E+00
  0.478168051691E+00 -0.165259748390E+00
  0.486342676025E+00 -0.135826994845E+00
  0.494657034154E+00 -0.105579669070E+00
  0.503113514632E+00 -0.745735100437E-01
  0.511714546841E+00 -0.428668852855E-01
  0.520462601693E+00 -0.105206472595E-01
  0.529360192333E+00  0.224020233644E-01
  0.538409874867E+00  0.558357854891E-01
  0.547614249095E+00  0.897133169843E-01
  0.556975959254E+00  0.123965504542E+00
  0.566497694783E+00  0.158521643851E+00
  0.576182191092E+00  0.193309649228E+00
  0.586032230350E+00  0.228256273022E+00
  0.596050642282E+00  0.263287333395E+00
  0.606240304984E+00  0.298327952474E+00
  0.616604145750E+00  0.333302801751E+00
  0.627145141909E+00  0.368136359079E+00
  0.637866321686E+00  0.402753170388E+00
  0.648770765069E+00  0.437078122261E+00
  0.659861604694E+00  0.471036711418E+00
  0.671142026743E+00  0.504555317088E+00
  0.682615271864E+00  0.537561451802E+00
  0.694284636098E+00  0.569983995573E+00
  0.706153471828E+00  0.601753379693E+00
  0.718225188740E+00  0.632801730697E+00
  0.730503254806E+00  0.663062943617E+00
  0.742991197275E+00  0.692472717234E+00
  0.755692603693E+00  0.720968541251E+00
  0.768611122927E+00  0.748489700378E+00
  0.781750466218E+00  0.774977303234E+00
  0.795114408245E+00  0.800374408351E+00
  0.808706788211E+00  0.824626233485E+00
  0.822531510942E+00  0.847680479941E+00
  0.836592548014E+00  0.869487706819E+00
  0.850893938891E+00  0.890001745006E+00
  0.865439792086E+00  0.909180071597E+00
  0.880234286341E+00  0.926984143888E+00
  0.895281671828E+00  0.943379649804E+00
  0.910586271369E+00  0.958336703053E+00
  0.926152481681E+00  0.971829972017E+00
  0.941984774633E+00  0.983838774782E+00
  0.958087698537E+00  0.994347138019E+00
  0.974465879452E+00  0.100334383695E+01
  0.991124022513E+00  0.101082241659E+01
  0.100806691328E+01  0.101678119406E+01
  0.102529941912E+01  0.102122324832E+01
  0.104282649060E+01  0.102415638267E+01
  0.106065316290E+01  0.102559307663E+01
  0.107878455729E+01  0.102555040135E+01
  0.109722588255E+01  0.102404992686E+01
  0.111598243654E+01  0.102111758648E+01
  0.113505960764E+01  0.101678353780E+01
  0.115446287636E+01  0.101108197796E+01
  0.117419781688E+01  0.100405096200E+01
  0.119427009866E+01  0.995732175682E+00
  0.121468548808E+01  0.986170718184E+00
  0.123544985010E+01  0.975414841756E+00
  0.125656914991E+01  0.963515707049E+00
  0.127804945467E+01  0.950527099538E+00
  0.129989693526E+01  0.936505165963E+00
  0.132211786804E+01  0.921508117046E+00
  0.134471863666E+01  0.905595952883E+00
  0.136770573388E+01  0.888830160661E+00
  0.139108576344E+01  0.871273436069E+00
  0.141486544197E+01  0.852989383729E+00
  0.143905160093E+01  0.834042240938E+00
  0.146365118851E+01  0.814496587620E+00
  0.148867127172E+01  0.794417078118E+00
  0.151411903833E+01  0.773868166604E+00
  0.154000179899E+01  0.752913852209E+00
  0.156632698933E+01  0.731617425092E+00
  0.159310217205E+01  0.710041229757E+00
  0.162033503916E+01  0.688246436310E+00
  0.164803341412E+01  0.666292826354E+00
  0.167620525414E+01  0.644238593174E+00
  0.170485865246E+01  0.622140153461E+00
  0.173400184063E+01  0.600051981144E+00
  0.176364319092E+01  0.578026446506E+00
  0.179379121874E+01  0.556113683158E+00
  0.182445458501E+01  0.534361459824E+00
  0.185564209874E+01  0.512815079998E+00
  0.188736271948E+01  0.491517286073E+00
  0.191962555997E+01  0.470508191295E+00
  0.195243988870E+01  0.449825215518E+00
  0.198581513257E+01  0.429503047775E+00
  0.201976087966E+01  0.409573612193E+00
  0.205428688192E+01  0.390066059094E+00
  0.208940305800E+01  0.371006759377E+00
  0.212511949611E+01  0.352419322251E+00
  0.216144645688E+01  0.334324616619E+00
  0.219839437634E+01  0.316740813957E+00
  0.223597386893E+01  0.299683435462E+00
  0.227419573049E+01  0.283165418680E+00
  0.231307094143E+01  0.267197188801E+00
  0.235261066985E+01  0.251786746895E+00
  0.239282627475E+01  0.236939762464E+00
  0.243372930928E+01  0.222659679589E+00
  0.247533152411E+01  0.208947826070E+00
  0.251764487074E+01  0.195803532165E+00
  0.256068150497E+01  0.183224250305E+00
  0.260445379040E+01  0.171205680316E+00
  0.264897430197E+01  0.159741893570E+00
  0.269425582955E+01  0.148825459140E+00
  0.274031138164E+01  0.138447567329E+00
  0.278715418912E+01  0.128598152712E+00
  0.283479770902E+01  0.119266013687E+00
  0.288325562841E+01  0.110438930007E+00
  0.293254186829E+01  0.102103776509E+00
  0.298267058766E+01  0.942466339546E-01
  0.303365618753E+01  0.868528960142E-01
  0.308551331508E+01  0.799073728361E-01
  0.313825686784E+01  0.733943907169E-01
  0.319190199803E+01  0.672978879724E-01
  0.324646411686E+01  0.616015067622E-01
  0.330195889895E+01  0.562886807693E-01
  0.335840228690E+01  0.513427185911E-01
  0.341581049579E+01  0.467468826637E-01
  0.347420001790E+01  0.424844636130E-01
  0.353358762739E+01  0.385388498713E-01
  0.359399038519E+01  0.348935924613E-01
  0.365542564383E+01  0.315324648712E-01
  0.371791105248E+01  0.284395179252E-01
  0.378146456198E+01  0.255991296968E-01
  0.384610443003E+01  0.229960503755E-01
  0.391184922642E+01  0.206154422658E-01
  0.397871783834E+01  0.184429148457E-01
  0.404672947587E+01  0.164645551768E-01
  0.411590367741E+01  0.146669536095E-01
  0.418626031540E+01  0.130372251566E-01
  0.425781960192E+01  0.115630264881E-01
  0.433060209457E+01  0.102325689643E-01
  0.440462870236E+01  0.903462766205E-02
  0.447992069169E+01  0.795854682042E-02
  0.455649969251E+01  0.699424167134E-02
  0.463438770447E+01  0.613219706844E-02
  0.471360710329E+01  0.536346290374E-02
  0.479418064718E+01  0.467964671248E-02
  0.487613148334E+01  0.407290349481E-02
  0.495948315469E+01  0.353592314677E-02
  0.504425960652E+01  0.306191557982E-02
  0.513048519349E+01  0.264459391627E-02
  0.521818468652E+01  0.227815588997E-02
  0.530738328000E+01  0.195726382967E-02
  0.539810659894E+01  0.167702339290E-02
  0.549038070641E+01  0.143296140641E-02
  0.558423211097E+01  0.122100300000E-02
  0.567968777430E+01  0.103744835514E-02
  0.577677511898E+01  0.878949253103E-03
  0.587552203632E+01  0.742485697237E-03
  0.597595689441E+01  0.625342774494E-03
  0.607810854622E+01  0.525087976480E-03
  0.618200633795E+01  0.439549113279E-03
  0.628768011744E+01  0.366792983548E-03
  0.639516024270E+01  0.305104896295E-03
  0.650447759071E+01  0.252969153366E-03
  0.661566356621E+01  0.209050549443E-03
  0.672875011080E+01  0.172176950060E-03
  0.684376971203E+01  0.141322969128E-03
  0.696075541283E+01  0.115594766143E-03
  0.707974082092E+01  0.942159551627E-04
  0.720076011850E+01  0.765146145615E-04
  0.732384807207E+01  0.619113673735E-04
  0.744904004243E+01  0.499084991047E-04
  0.757637199481E+01  0.400800676946E-04
  0.770588050920E+01  0.320629584551E-04
  0.783760279090E+01  0.255488298712E-04
  0.797157668118E+01  0.202768956420E-04
  0.810784066813E+01  0.160274851676E-04
  0.824643389777E+01  0.126163254258E-04
  0.838739618524E+01  0.988948659692E-05
  0.853076802629E+01  0.771893553220E-05
  0.867659060888E+01  0.599864227992E-05
  0.882490582500E+01  0.464118734380E-05
  0.897575628275E+01  0.357481953874E-05
  0.912918531854E+01  0.274091723585E-05
  0.928523700958E+01  0.209180859326E-05
  0.944395618648E+01  0.158890953610E-05
  0.960538844620E+01  0.120114132847E-05
  0.976958016511E+01  0.903592788113E-06
  0.993657851230E+01  0.676395295334E-06
  0.101064314632E+02  0.503781828191E-06
  0.102791878132E+02  0.373304192521E-06
  0.104548971919E+02  0.275185438245E-06
  0.106336100772E+02  0.201787099168E-06
  0.108153778099E+02  0.147173372120E-06
  0.110002526083E+02  0.106756633180E-06
  0.111882875834E+02  0.770107793611E-07
  0.113795367539E+02  0.552407765788E-07
  0.115740550621E+02  0.393984915836E-07
  0.117718983894E+02  0.279363925377E-07
  0.119731235721E+02  0.196920483085E-07
  0.121777884186E+02  0.137974937871E-07
  0.123859517249E+02  0.960853159850E-08
  0.125976732925E+02  0.665002558867E-08
  0.128130139448E+02  0.457371166893E-08
  0.130320355450E+02  0.312578859584E-08
  0.132548010138E+02  0.212290574342E-08
  0.134813743473E+02  0.143325888326E-08
  0.137118206358E+02  0.961739835593E-09
  0.139462060820E+02  0.643144535763E-09
  0.141845980203E+02  0.430125980176E-09
  0.144270649361E+02  0.281770680740E-09
  0.146736764854E+02  0.183279920793E-09
  0.149245035150E+02  0.118357942096E-09
  0.151796180825E+02  0.758729367842E-10
  0.154390934776E+02  0.000000000000E+00
  0.157030042424E+02  0.000000000000E+00
  0.159714261935E+02  0.000000000000E+00
  0.162444364431E+02  0.000000000000E+00
  0.165221134220E+02  0.000000000000E+00
  0.168045369013E+02  0.000000000000E+00
  0.170917880158E+02  0.000000000000E+00
  0.173839492872E+02  0.000000000000E+00
  0.176811046478E+02  0.000000000000E+00
  0.179833394646E+02  0.000000000000E+00
  0.182907405638E+02  0.000000000000E+00
  0.186033962558E+02  0.000000000000E+00
  0.189213963604E+02  0.000000000000E+00
  0.192448322331E+02  0.000000000000E+00
  0.195737967906E+02  0.000000000000E+00
  0.199083845381E+02  0.000000000000E+00
  0.202486915962E+02  0.000000000000E+00
  0.205948157285E+02  0.000000000000E+00
  0.209468563698E+02  0.000000000000E+00
  0.213049146546E+02  0.000000000000E+00
  0.216690934460E+02  0.000000000000E+00
  0.220394973656E+02  0.000000000000E+00
  0.224162328233E+02  0.000000000000E+00
  0.227994080478E+02  0.000000000000E+00
  0.231891331181E+02  0.000000000000E+00
  0.235855199945E+02  0.000000000000E+00
  0.239886825514E+02  0.000000000000E+00
  0.243987366095E+02  0.000000000000E+00
  0.248157999694E+02  0.000000000000E+00
  0.252399924455E+02  0.000000000000E+00
  0.256714358999E+02  0.000000000000E+00
  0.261102542780E+02  0.000000000000E+00
  0.265565736439E+02  0.000000000000E+00
  0.270105222164E+02  0.000000000000E+00
  0.274722304063E+02  0.000000000000E+00
  0.279418308533E+02  0.000000000000E+00
  0.284194584646E+02  0.000000000000E+00
  0.289052504533E+02  0.000000000000E+00
  0.293993463781E+02  0.000000000000E+00
  0.299018881831E+02  0.000000000000E+00
  0.304130202389E+02  0.000000000000E+00
  0.309328893839E+02  0.000000000000E+00
  0.314616449664E+02  0.000000000000E+00
  0.319994388876E+02  0.000000000000E+00
  0.325464256454E+02  0.000000000000E+00
  0.331027623784E+02  0.000000000000E+00
  0.336686089114E+02  0.000000000000E+00
  0.342441278012E+02  0.000000000000E+00
  0.348294843833E+02  0.000000000000E+00
  0.354248468191E+02  0.000000000000E+00
  0.360303861449E+02  0.000000000000E+00
  0.366462763204E+02  0.000000000000E+00
  0.372726942789E+02  0.000000000000E+00
  0.379098199781E+02  0.000000000000E+00
  0.385578364520E+02  0.000000000000E+00
  0.392169298632E+02  0.000000000000E+00
  0.398872895563E+02  0.000000000000E+00
  0.405691081129E+02  0.000000000000E+00
  0.412625814061E+02  0.000000000000E+00
  0.419679086574E+02  0.000000000000E+00
  0.426852924938E+02  0.000000000000E+00
  0.434149390056E+02  0.000000000000E+00
  0.441570578063E+02  0.000000000000E+00
  0.449118620921E+02  0.000000000000E+00
  0.456795687038E+02  0.000000000000E+00
  0.464603981886E+02  0.000000000000E+00
  0.472545748637E+02  0.000000000000E+00
  0.480623268807E+02  0.000000000000E+00
  0.488838862911E+02  0.000000000000E+00
  0.497194891131E+02  0.000000000000E+00
  0.505693753991E+02  0.000000000000E+00
  0.514337893051E+02  0.000000000000E+00
  0.523129791604E+02  0.000000000000E+00
  0.532071975393E+02  0.000000000000E+00
  0.541167013333E+02  0.000000000000E+00
  0.550417518255E+02  0.000000000000E+00
  0.559826147647E+02  0.000000000000E+00
  0.569395604429E+02  0.000000000000E+00
  0.579128637718E+02  0.000000000000E+00
  0.589028043629E+02  0.000000000000E+00
  0.599096666067E+02  0.000000000000E+00
  0.609337397555E+02  0.000000000000E+00
  0.619753180054E+02  0.000000000000E+00
  0.630347005820E+02  0.000000000000E+00
  0.641121918252E+02  0.000000000000E+00
  0.652081012774E+02  0.000000000000E+00
  0.663227437723E+02  0.000000000000E+00
  0.674564395250E+02  0.000000000000E+00
  0.686095142244E+02  0.000000000000E+00
  0.697822991265E+02  0.000000000000E+00
  0.709751311498E+02  0.000000000000E+00
  0.721883529717E+02  0.000000000000E+00
  0.734223131276E+02  0.000000000000E+00
  0.746773661101E+02  0.000000000000E+00
  0.759538724719E+02  0.000000000000E+00
  0.772521989284E+02  0.000000000000E+00
  0.785727184636E+02  0.000000000000E+00
  0.799158104375E+02  0.000000000000E+00
  0.812818606941E+02  0.000000000000E+00
  0.826712616735E+02  0.000000000000E+00
  0.840844125235E+02  0.000000000000E+00
  0.855217192150E+02  0.000000000000E+00
  0.869835946586E+02  0.000000000000E+00
  0.884704588226E+02  0.000000000000E+00
  0.899827388544E+02  0.000000000000E+00
  0.915208692028E+02  0.000000000000E+00
  0.930852917429E+02  0.000000000000E+00
  0.946764559030E+02  0.000000000000E+00
  0.962948187937E+02  0.000000000000E+00
  0.979408453395E+02  0.000000000000E+00
  0.996150084118E+02  0.000000000000E+00
  0.101317788965E+03  0.000000000000E+00
  0.103049676176E+03  0.000000000000E+00
  0.104811167582E+03  0.000000000000E+00
  0.106602769224E+03  0.000000000000E+00
  0.108424995797E+03  0.000000000000E+00
  0.110278370789E+03  0.000000000000E+00
  0.112163426641E+03  0.000000000000E+00
  0.114080704891E+03  0.000000000000E+00
  0.116030756338E+03  0.000000000000E+00
  0.118014141192E+03  0.000000000000E+00
  0.120031429242E+03  0.000000000000E+00
  0.122083200017E+03  0.000000000000E+00
  0.124170042949E+03  0.000000000000E+00
  0.126292557548E+03  0.000000000000E+00
  0.128451353573E+03  0.000000000000E+00
  0.130647051203E+03  0.000000000000E+00
  0.132880281219E+03  0.000000000000E+00
  0.135151685186E+03  0.000000000000E+00
  0.137461915633E+03  0.000000000000E+00
  0.139811636246E+03  0.000000000000E+00
  0.142201522054E+03  0.000000000000E+00
  0.144632259624E+03  0.000000000000E+00
  0.147104547260E+03  0.000000000000E+00
  0.149619095203E+03  0.000000000000E+00
  0.152176625834E+03  0.000000000000E+00
  0.154777873882E+03  0.000000000000E+00
  0.157423586634E+03  0.000000000000E+00
  0.160114524154E+03  0.000000000000E+00
  0.162851459496E+03  0.000000000000E+00
  0.165635178927E+03  0.000000000000E+00
  0.168466482157E+03  0.000000000000E+00
  0.171346182564E+03  0.000000000000E+00
  0.174275107430E+03  0.000000000000E+00
  0.177254098180E+03  0.000000000000E+00
  0.180284010619E+03  0.000000000000E+00
  0.183365715183E+03  0.000000000000E+00
  0.186500097185E+03  0.000000000000E+00
  0.189688057073E+03  0.000000000000E+00
  0.192930510686E+03  0.000000000000E+00
  0.196228389519E+03  0.000000000000E+00
  0.199582640987E+03  0.000000000000E+00
  0.202994228704E+03  0.000000000000E+00
         889           2         420
