  position
     6   1             ! nwfc1,  nwfc2
   0 0 1 1 2 2         ! lwfc1(1:nwfc1)
   2                   ! lwfc2(1:nwfc2)
      68               ! nonzero elements (i,j,ixyz,cR,cI,lv,mv,lc,mc,orbit)
    1  1  4  -0.324617046863E-02  0.000000000000E+00   0   0   2   0  x^2
    1  1  5  -0.324617046863E-02  0.000000000000E+00   0   0   2   0  y^2
    1  1  6   0.649234093726E-02  0.000000000000E+00   0   0   2   0  z^2
    2  1  4  -0.105368334334E-02  0.000000000000E+00   0   0   2   0  x^2
    2  1  5  -0.105368334334E-02  0.000000000000E+00   0   0   2   0  y^2
    2  1  6   0.210736668669E-02  0.000000000000E+00   0   0   2   0  z^2
    3  1  3   0.168659947813E-01  0.000000000000E+00   1   0   2   0  z  
    4  1  1  -0.843299739063E-02  0.000000000000E+00   1   1   2   0  x  
    5  1  2  -0.843299739063E-02  0.000000000000E+00   1  -1   2   0  y  
    6  1  3   0.800529588014E-02  0.000000000000E+00   1   0   2   0  z  
    7  1  1  -0.400264794007E-02  0.000000000000E+00   1   1   2   0  x  
    8  1  2  -0.400264794007E-02  0.000000000000E+00   1  -1   2   0  y  
    9  1  4   0.644361898303E-01  0.000000000000E+00   2   0   2   0  x^2
    9  1  5   0.644361898303E-01  0.000000000000E+00   2   0   2   0  y^2
    9  1  6   0.141759619117E+00  0.000000000000E+00   2   0   2   0  z^2
   10  1  9   0.223213527352E-01  0.000000000000E+00   2   1   2   0  zx 
   11  1  8   0.223213527352E-01  0.000000000000E+00   2  -1   2   0  yz 
   12  1  4  -0.446427054703E-01  0.000000000000E+00   2   2   2   0  x^2
   12  1  5   0.446427054703E-01  0.000000000000E+00   2   2   2   0  y^2
   13  1  7  -0.446427054703E-01  0.000000000000E+00   2  -2   2   0  xy 
   14  1  4   0.105551086366E+00  0.000000000000E+00   2   0   2   0  x^2
   14  1  5   0.105551086366E+00  0.000000000000E+00   2   0   2   0  y^2
   14  1  6   0.232212394476E+00  0.000000000000E+00   2   0   2   0  z^2
   15  1  9   0.365639701486E-01  0.000000000000E+00   2   1   2   0  zx 
   16  1  8   0.365639701486E-01  0.000000000000E+00   2  -1   2   0  yz 
   17  1  4  -0.731279402971E-01  0.000000000000E+00   2   2   2   0  x^2
   17  1  5   0.731279402971E-01  0.000000000000E+00   2   2   2   0  y^2
   18  1  7  -0.731279402971E-01  0.000000000000E+00   2  -2   2   0  xy 
    4  2  3   0.146063799039E-01  0.000000000000E+00   1   1   2   1  z  
    7  2  3   0.693278945982E-02  0.000000000000E+00   1   1   2   1  z  
    9  2  7   0.386617146432E-01  0.000000000000E+00   2   0   2   1  xy 
   10  2  9   0.386617146432E-01  0.000000000000E+00   2   1   2   1  zx 
   11  2  8   0.386617146432E-01  0.000000000000E+00   2  -1   2   1  yz 
   12  2  8   0.223213527352E-01  0.000000000000E+00   2   2   2   1  yz 
   13  2  7   0.386617146432E-01  0.000000000000E+00   2  -2   2   1  xy 
   14  2  7   0.633306503296E-01  0.000000000000E+00   2   0   2   1  xy 
   15  2  9   0.633306503296E-01  0.000000000000E+00   2   1   2   1  zx 
   16  2  8   0.633306503296E-01  0.000000000000E+00   2  -1   2   1  yz 
   17  2  8   0.365639701486E-01  0.000000000000E+00   2   2   2   1  yz 
   18  2  7   0.633306503296E-01  0.000000000000E+00   2  -2   2   1  xy 
    3  3  1   0.146063799039E-01  0.000000000000E+00   1   0   2  -1  x  
    6  3  1   0.693278945982E-02  0.000000000000E+00   1   0   2  -1  x  
    9  3  9   0.386617146432E-01  0.000000000000E+00   2   0   2  -1  zx 
   10  3  4  -0.446427054703E-01  0.000000000000E+00   2   1   2  -1  x^2
   10  3  5   0.446427054703E-01  0.000000000000E+00   2   1   2  -1  y^2
   11  3  9   0.386617146432E-01  0.000000000000E+00   2  -1   2  -1  zx 
   12  3  8  -0.386617146432E-01  0.000000000000E+00   2   2   2  -1  yz 
   13  3  4   0.115985147655E+00  0.000000000000E+00   2  -2   2  -1  x^2
   13  3  5   0.115985147655E+00  0.000000000000E+00   2  -2   2  -1  y^2
   13  3  6   0.386617146432E-01  0.000000000000E+00   2  -2   2  -1  z^2
   14  3  9   0.633306503296E-01  0.000000000000E+00   2   0   2  -1  zx 
   15  3  4  -0.731279402971E-01  0.000000000000E+00   2   1   2  -1  x^2
   15  3  5   0.731279402971E-01  0.000000000000E+00   2   1   2  -1  y^2
   16  3  9   0.633306503296E-01  0.000000000000E+00   2  -1   2  -1  zx 
   17  3  8  -0.633306503296E-01  0.000000000000E+00   2   2   2  -1  yz 
   18  3  4   0.189991965890E+00  0.000000000000E+00   2  -2   2  -1  x^2
   18  3  5   0.189991965890E+00  0.000000000000E+00   2  -2   2  -1  y^2
   18  3  6   0.633306503296E-01  0.000000000000E+00   2  -2   2  -1  z^2
    9  4  8   0.386617146432E-01  0.000000000000E+00   2   0   2   2  yz 
   10  4  9   0.386617146432E-01  0.000000000000E+00   2   1   2   2  zx 
   12  4  4   0.115985147655E+00  0.000000000000E+00   2   2   2   2  x^2
   12  4  5   0.115985147655E+00  0.000000000000E+00   2   2   2   2  y^2
   12  4  6   0.386617146432E-01  0.000000000000E+00   2   2   2   2  z^2
   14  4  8   0.633306503296E-01  0.000000000000E+00   2   0   2   2  yz 
   15  4  9   0.633306503296E-01  0.000000000000E+00   2   1   2   2  zx 
   17  4  4   0.189991965890E+00  0.000000000000E+00   2   2   2   2  x^2
   17  4  5   0.189991965890E+00  0.000000000000E+00   2   2   2   2  y^2
   17  4  6   0.633306503296E-01  0.000000000000E+00   2   2   2   2  z^2
