1
         819           1         210
  0.000000000000E+00  0.000000000000E+00
  0.520186466933E-08  0.840960845063E-14
  0.105354151697E-07  0.344953460634E-13
  0.160039851438E-07  0.795999229052E-13
  0.216109926260E-07  0.145145840093E-12
  0.273599421783E-07  0.232639740716E-12
  0.332544270814E-07  0.340838472157E-12
  0.392981315803E-07  0.473221987548E-12
  0.454948331869E-07  0.631393309991E-12
  0.518484050416E-07  0.816528041872E-12
  0.583628183336E-07  0.103046572562E-11
  0.650421447832E-07  0.127484233985E-11
  0.718905591869E-07  0.155141066856E-11
  0.789123420266E-07  0.186203203936E-11
  0.861118821452E-07  0.220864037020E-11
  0.934936794896E-07  0.259326079431E-11
  0.101062347923E-06  0.301801001965E-11
  0.108822618111E-06  0.348509933443E-11
  0.116779340474E-06  0.399683851631E-11
  0.124937488222E-06  0.455563950247E-11
  0.133302160463E-06  0.516402032657E-11
  0.141878585391E-06  0.582460922896E-11
  0.150672123549E-06  0.654014894506E-11
  0.159688271186E-06  0.731350118275E-11
  0.168932663687E-06  0.814765129519E-11
  0.178411079098E-06  0.904571315871E-11
  0.188129441737E-06  0.100109342666E-10
  0.198093825899E-06  0.110467010503E-10
  0.208310459646E-06  0.121565444413E-10
  0.218785728707E-06  0.133441456873E-10
  0.229526180468E-06  0.146133424380E-10
  0.240538528059E-06  0.159681351161E-10
  0.251829654557E-06  0.174126935918E-10
  0.263406617283E-06  0.189513641769E-10
  0.275276652216E-06  0.205886769609E-10
  0.287447178514E-06  0.223293535060E-10
  0.299925803152E-06  0.241783149263E-10
  0.312720325676E-06  0.261406903709E-10
  0.325838743081E-06  0.282218259369E-10
  0.339289254802E-06  0.304272940365E-10
  0.353080267850E-06  0.327629032450E-10
  0.367220402054E-06  0.352347086569E-10
  0.381718495461E-06  0.378490227790E-10
  0.396583609849E-06  0.406124269904E-10
  0.411825036400E-06  0.435317836001E-10
  0.427452301501E-06  0.466142485342E-10
  0.443475172701E-06  0.498672846861E-10
  0.459903664817E-06  0.532986759639E-10
  0.476748046191E-06  0.569165420687E-10
  0.494018845109E-06  0.607293540413E-10
  0.511726856384E-06  0.647459506133E-10
  0.529883148098E-06  0.689755553991E-10
  0.548499068525E-06  0.734277949682E-10
  0.567586253222E-06  0.781127178358E-10
  0.587156632299E-06  0.830408144100E-10
  0.607222437882E-06  0.882230379370E-10
  0.627796211752E-06  0.936708264826E-10
  0.648890813186E-06  0.993961259905E-10
  0.670519426998E-06  0.105411414460E-09
  0.692695571776E-06  0.111729727279E-09
  0.715433108332E-06  0.118364683763E-09
  0.738746248366E-06  0.125330514930E-09
  0.762649563349E-06  0.132642092563E-09
  0.787157993633E-06  0.140314959598E-09
  0.812286857783E-06  0.148365361884E-09
  0.838051862157E-06  0.156810281352E-09
  0.864469110723E-06  0.165667470656E-09
  0.891555115120E-06  0.174955489307E-09
  0.919326804982E-06  0.184693741374E-09
  0.947801538521E-06  0.194902514787E-09
  0.976997113372E-06  0.205603022305E-09
  0.100693177772E-05  0.216817444191E-09
  0.103762424170E-05  0.228568972674E-09
  0.106909368911E-05  0.240881858245E-09
  0.110135978937E-05  0.253781457867E-09
  0.113444270985E-05  0.267294285153E-09
  0.116836312844E-05  0.281448062617E-09
  0.120314224653E-05  0.296271776064E-09
  0.123880180217E-05  0.311795731204E-09
  0.127536408377E-05  0.328051612610E-09
  0.131285194393E-05  0.345072545103E-09
  0.135128881379E-05  0.362893157687E-09
  0.139069871765E-05  0.381549650144E-09
  0.143110628797E-05  0.401079862431E-09
  0.147253678080E-05  0.421523347007E-09
  0.151501609155E-05  0.442921444225E-09
  0.155857077118E-05  0.465317360961E-09
  0.160322804276E-05  0.488756252633E-09
  0.164901581856E-05  0.513285308766E-09
  0.169596271743E-05  0.538953842312E-09
  0.174409808269E-05  0.565813382883E-09
  0.179345200053E-05  0.593917774103E-09
  0.184405531875E-05  0.623323275294E-09
  0.189593966607E-05  0.654088667684E-09
  0.194913747189E-05  0.686275365378E-09
  0.200368198658E-05  0.719947531314E-09
  0.205960730223E-05  0.755172198434E-09
  0.211694837399E-05  0.792019396325E-09
  0.217574104189E-05  0.830562283581E-09
  0.223602205326E-05  0.870877286149E-09
  0.229782908571E-05  0.913044241929E-09
  0.236120077062E-05  0.957146551920E-09
  0.242617671738E-05  0.100327133820E-08
  0.249279753807E-05  0.105150960903E-08
  0.256110487286E-05  0.110195643144E-08
  0.263114141606E-05  0.115471111161E-08
  0.270295094279E-05  0.120987738332E-08
  0.277657833635E-05  0.126756360495E-08
  0.285206961625E-05  0.132788296533E-08
  0.292947196700E-05  0.139095369883E-08
  0.300883376758E-05  0.145689931012E-08
  0.309020462172E-05  0.152584880899E-08
  0.317363538883E-05  0.159793695578E-08
  0.325917821587E-05  0.167330451766E-08
  0.334688656988E-05  0.175209853660E-08
  0.343681527145E-05  0.183447260912E-08
  0.352902052894E-05  0.192058717875E-08
  0.362355997363E-05  0.201060984144E-08
  0.372049269576E-05  0.210471566474E-08
  0.381987928143E-05  0.220308752122E-08
  0.392178185050E-05  0.230591643683E-08
  0.402626409539E-05  0.241340195480E-08
  0.413339132089E-05  0.252575251596E-08
  0.424323048503E-05  0.264318585593E-08
  0.435585024084E-05  0.276592942023E-08
  0.447132097934E-05  0.289422079794E-08
  0.458971487350E-05  0.302830817480E-08
  0.471110592337E-05  0.316845080644E-08
  0.483557000229E-05  0.331491951334E-08
  0.496318490437E-05  0.346799719740E-08
  0.509403039308E-05  0.362797938206E-08
  0.522818825111E-05  0.379517477650E-08
  0.536574233148E-05  0.396990586525E-08
  0.550677860997E-05  0.415250952428E-08
  0.565138523885E-05  0.434333766470E-08
  0.579965260197E-05  0.454275790551E-08
  0.595167337126E-05  0.475115427651E-08
  0.610754256465E-05  0.496892795290E-08
  0.626735760545E-05  0.519649802287E-08
  0.643121838327E-05  0.543430228981E-08
  0.659922731643E-05  0.568279811065E-08
  0.677148941598E-05  0.594246327191E-08
  0.694811235135E-05  0.621379690532E-08
  0.712920651761E-05  0.649732044473E-08
  0.731488510451E-05  0.679357862610E-08
  0.750526416723E-05  0.710314053279E-08
  0.770046269886E-05  0.742660068788E-08
  0.790060270484E-05  0.776458019601E-08
  0.810580927920E-05  0.811772793669E-08
  0.831621068272E-05  0.848672181172E-08
  0.853193842313E-05  0.887227004892E-08
  0.875312733729E-05  0.927511256497E-08
  0.897991567546E-05  0.969602238999E-08
  0.921244518776E-05  0.101358071566E-07
  0.945086121268E-05  0.105953106566E-07
  0.969531276801E-05  0.110754144682E-07
  0.994595264392E-05  0.115770396572E-07
  0.102029374985E-04  0.121011485552E-07
  0.104664279556E-04  0.126487466192E-07
  0.107365887055E-04  0.132208843749E-07
  0.110135886072E-04  0.138186594493E-07
  0.112976007949E-04  0.144432186953E-07
  0.115888027853E-04  0.150957604130E-07
  0.118873765893E-04  0.157775366731E-07
  0.121935088250E-04  0.164898557451E-07
  0.125073908352E-04  0.172340846373E-07
  0.128292188063E-04  0.180116517523E-07
  0.131591938913E-04  0.188240496640E-07
  0.134975223353E-04  0.196728380218E-07
  0.138444156047E-04  0.205596465877E-07
  0.142000905190E-04  0.214861784120E-07
  0.145647693866E-04  0.224542131555E-07
  0.149386801437E-04  0.234656105633E-07
  0.153220564967E-04  0.245223140984E-07
  0.157151380682E-04  0.256263547422E-07
  0.161181705472E-04  0.267798549699E-07
  0.165314058419E-04  0.279850329085E-07
  0.169551022379E-04  0.292442066868E-07
  0.173895245592E-04  0.305597989850E-07
  0.178349443339E-04  0.319343417953E-07
  0.182916399640E-04  0.333704814014E-07
  0.187598968989E-04  0.348709835885E-07
  0.192400078146E-04  0.364387390938E-07
  0.197322727960E-04  0.380767693102E-07
  0.202369995247E-04  0.397882322531E-07
  0.207545034714E-04  0.415764288046E-07
  0.212851080929E-04  0.434448092473E-07
  0.218291450343E-04  0.453969801013E-07
  0.223869543365E-04  0.474367112799E-07
  0.229588846483E-04  0.495679435772E-07
  0.235452934450E-04  0.517947965055E-07
  0.241465472510E-04  0.541215764974E-07
  0.247630218696E-04  0.565527854911E-07
  0.253951026174E-04  0.590931299167E-07
  0.260431845656E-04  0.617475301027E-07
  0.267076727864E-04  0.645211301227E-07
  0.273889826065E-04  0.674193081040E-07
  0.280875398669E-04  0.704476870188E-07
  0.288037811886E-04  0.736121459830E-07
  0.295381542456E-04  0.769188320854E-07
  0.302911180450E-04  0.803741727741E-07
  0.310631432138E-04  0.839848888256E-07
  0.318547122928E-04  0.877580079256E-07
  0.326663200385E-04  0.917008788913E-07
  0.334984737320E-04  0.958211865652E-07
  0.343516934966E-04  0.100126967413E-06
  0.352265126223E-04  0.104626625862E-06
  0.361234778997E-04  0.109328951409E-06
  0.370431499612E-04  0.114243136551E-06
  0.379861036317E-04  0.119378795549E-06
  0.389529282881E-04  0.124745984109E-06
  0.399442282271E-04  0.130355219975E-06
  0.409606230436E-04  0.136217504521E-06
  0.420027480174E-04  0.142344345368E-06
  0.430712545105E-04  0.148747780079E-06
  0.441668103742E-04  0.155440400989E-06
  0.452901003667E-04  0.162435381226E-06
  0.464418265807E-04  0.169746501974E-06
  0.476227088826E-04  0.177388181052E-06
  0.488334853624E-04  0.185375502858E-06
  0.500749127946E-04  0.193724249759E-06
  0.513477671119E-04  0.202450934986E-06
  0.526528438897E-04  0.211572837124E-06
  0.539909588434E-04  0.221108036256E-06
  0.553629483384E-04  0.231075451862E-06
  0.567696699129E-04  0.241494882541E-06
  0.582120028135E-04  0.252387047670E-06
  0.596908485454E-04  0.263773631067E-06
  0.612071314352E-04  0.275677326784E-06
  0.627617992091E-04  0.288121887117E-06
  0.643558235851E-04  0.301132172956E-06
  0.659902008802E-04  0.314734206584E-06
  0.676659526336E-04  0.328955227048E-06
  0.693841262446E-04  0.343823748228E-06
  0.711457956276E-04  0.359369619755E-06
  0.729520618834E-04  0.375624090887E-06
  0.748040539872E-04  0.392619877529E-06
  0.767029294942E-04  0.410391232525E-06
  0.786498752636E-04  0.428974019403E-06
  0.806461081998E-04  0.448405789731E-06
  0.826928760134E-04  0.468725864288E-06
  0.847914580009E-04  0.489975418211E-06
  0.869431658443E-04  0.512197570347E-06
  0.891493444311E-04  0.535437476997E-06
  0.914113726947E-04  0.559742430290E-06
  0.937306644764E-04  0.585161961415E-06
  0.961086694091E-04  0.611747948944E-06
  0.985468738234E-04  0.639554732522E-06
  0.101046801676E-03  0.668639232181E-06
  0.103610015504E-03  0.699061073559E-06
  0.106238117399E-03  0.730882719337E-06
  0.108932750009E-03  0.764169607194E-06
  0.111695597570E-03  0.798990294604E-06
  0.114528386949E-03  0.835416610850E-06
  0.117432888733E-03  0.873523816574E-06
  0.120410918329E-03  0.913390771290E-06
  0.123464337104E-03  0.955100109227E-06
  0.126595053543E-03  0.998738423943E-06
  0.129805024446E-03  0.104439646215E-05
  0.133096256149E-03  0.109216932720E-05
  0.136470805779E-03  0.114215669277E-05
  0.139930782540E-03  0.119446302716E-05
  0.143478349030E-03  0.124919782891E-05
  0.147115722593E-03  0.130647587408E-05
  0.150845176706E-03  0.136641747603E-05
  0.154669042400E-03  0.142914875814E-05
  0.158589709714E-03  0.149480194025E-05
  0.162609629194E-03  0.156351563938E-05
  0.166731313420E-03  0.163543518565E-05
  0.170957338579E-03  0.171071295400E-05
  0.175290346075E-03  0.178950871255E-05
  0.179733044177E-03  0.187198998850E-05
  0.184288209717E-03  0.195833245243E-05
  0.188958689822E-03  0.204872032187E-05
  0.193747403694E-03  0.214334678524E-05
  0.198657344434E-03  0.224241444708E-05
  0.203691580916E-03  0.234613579571E-05
  0.208853259702E-03  0.245473369442E-05
  0.214145607008E-03  0.256844189745E-05
  0.219571930723E-03  0.268750559192E-05
  0.225135622478E-03  0.281218196710E-05
  0.230840159760E-03  0.294274081239E-05
  0.236689108091E-03  0.307946514540E-05
  0.242686123254E-03  0.322265187182E-05
  0.248834953578E-03  0.337261247845E-05
  0.255139442284E-03  0.352967376131E-05
  0.261603529880E-03  0.369417859042E-05
  0.268231256633E-03  0.386648671325E-05
  0.275026765088E-03  0.404697559867E-05
  0.281994302658E-03  0.423604132355E-05
  0.289138224282E-03  0.443409950418E-05
  0.296462995143E-03  0.464158627459E-05
  0.303973193460E-03  0.485895931443E-05
  0.311673513354E-03  0.508669892870E-05
  0.319568767773E-03  0.532530918206E-05
  0.327663891510E-03  0.557531909035E-05
  0.335963944280E-03  0.583728387248E-05
  0.344474113886E-03  0.611178626537E-05
  0.353199719461E-03  0.639943790548E-05
  0.362146214793E-03  0.670088078006E-05
  0.371319191732E-03  0.701678875174E-05
  0.380724383689E-03  0.734786916016E-05
  0.390367669213E-03  0.769486450445E-05
  0.400255075673E-03  0.805855421081E-05
  0.410392783019E-03  0.843975648928E-05
  0.420787127648E-03  0.883933028437E-05
  0.431444606364E-03  0.925817732414E-05
  0.442371880438E-03  0.969724427280E-05
  0.453575779773E-03  0.101575249921E-04
  0.465063307170E-03  0.106400629166E-04
  0.476841642707E-03  0.111459535493E-04
  0.488918148228E-03  0.116763470829E-04
  0.501300371941E-03  0.122324511537E-04
  0.513996053141E-03  0.128155337336E-04
  0.527013127040E-03  0.134269261694E-04
  0.540359729733E-03  0.140680263745E-04
  0.554044203283E-03  0.147403021814E-04
  0.568075100929E-03  0.154452948641E-04
  0.582461192441E-03  0.161846228373E-04
  0.597211469593E-03  0.169599855425E-04
  0.612335151789E-03  0.177731675301E-04
  0.627841691823E-03  0.186260427462E-04
  0.643740781786E-03  0.195205790368E-04
  0.660042359128E-03  0.204588428776E-04
  0.676756612865E-03  0.214430043426E-04
  0.693893989950E-03  0.224753423225E-04
  0.711465201802E-03  0.235582500054E-04
  0.729481230999E-03  0.246942406341E-04
  0.747953338147E-03  0.258859535519E-04
  0.766893068913E-03  0.271361605528E-04
  0.786312261247E-03  0.284477725508E-04
  0.806223052775E-03  0.298238465842E-04
  0.826637888390E-03  0.312675931717E-04
  0.847569528029E-03  0.327823840374E-04
  0.869031054649E-03  0.343717602238E-04
  0.891035882401E-03  0.360394406118E-04
  0.913597765021E-03  0.377893308677E-04
  0.936730804418E-03  0.396255328385E-04
  0.960449459495E-03  0.415523544178E-04
  0.984768555184E-03  0.435743199062E-04
  0.100970329171E-02  0.456961808900E-04
  0.103526925410E-02  0.479229276634E-04
  0.106148242191E-02  0.502598012229E-04
  0.108835917922E-02  0.527123058607E-04
  0.111591632488E-02  0.552862223866E-04
  0.114417108300E-02  0.579876220106E-04
  0.117314111373E-02  0.608228809178E-04
  0.120284452428E-02  0.637986955705E-04
  0.123329988025E-02  0.669220987719E-04
  0.126452621723E-02  0.702004765307E-04
  0.129654305269E-02  0.736415857652E-04
  0.132937039820E-02  0.772535728866E-04
  0.136302877192E-02  0.810449933081E-04
  0.139753921142E-02  0.850248319207E-04
  0.143292328686E-02  0.892025245875E-04
  0.146920311443E-02  0.935879807025E-04
  0.150640137021E-02  0.981916068680E-04
  0.154454130432E-02  0.103024331745E-03
  0.158364675546E-02  0.108097632132E-03
  0.162374216581E-02  0.113423560337E-03
  0.166485259630E-02  0.119014772891E-03
  0.170700374230E-02  0.124884560698E-03
  0.175022194963E-02  0.131046880650E-03
  0.179453423110E-02  0.137516388815E-03
  0.183996828331E-02  0.144308475250E-03
  0.188655250403E-02  0.151439300532E-03
  0.193431600991E-02  0.158925834081E-03
  0.198328865469E-02  0.166785894356E-03
  0.203350104789E-02  0.175038191039E-03
  0.208498457387E-02  0.183702369264E-03
  0.213777141151E-02  0.192799056024E-03
  0.219189455431E-02  0.202349908838E-03
  0.224738783099E-02  0.212377666796E-03
  0.230428592667E-02  0.222906204086E-03
  0.236262440449E-02  0.233960586136E-03
  0.242243972790E-02  0.245567128471E-03
  0.248376928344E-02  0.257753458443E-03
  0.254665140407E-02  0.270548579937E-03
  0.261112539317E-02  0.283982941221E-03
  0.267723154906E-02  0.298088506070E-03
  0.274501119026E-02  0.312898828324E-03
  0.281450668125E-02  0.328449130034E-03
  0.288576145897E-02  0.344776383374E-03
  0.295882005997E-02  0.361919396483E-03
  0.303372814827E-02  0.379918903422E-03
  0.311053254384E-02  0.398817658435E-03
  0.318928125195E-02  0.418660534721E-03
  0.327002349309E-02  0.439494627902E-03
  0.335280973380E-02  0.461369364429E-03
  0.343769171817E-02  0.484336615127E-03
  0.352472250021E-02  0.508450814126E-03
  0.361395647698E-02  0.533769083418E-03
  0.370544942263E-02  0.560351363291E-03
  0.379925852323E-02  0.588260548905E-03
  0.389544241251E-02  0.617562633283E-03
  0.399406120855E-02  0.648326857014E-03
  0.409517655129E-02  0.680625864937E-03
  0.419885164112E-02  0.714535870155E-03
  0.430515127834E-02  0.750136825654E-03
  0.441414190369E-02  0.787512603907E-03
  0.452589163986E-02  0.826751184767E-03
  0.464047033407E-02  0.867944852041E-03
  0.475794960173E-02  0.911190399099E-03
  0.487840287121E-02  0.956589343908E-03
  0.500190542973E-02  0.100424815390E-02
  0.512853447040E-02  0.105427848109E-02
  0.525836914049E-02  0.110679740784E-02
  0.539149059091E-02  0.116192770380E-02
  0.552798202689E-02  0.121979809435E-02
  0.566792876002E-02  0.128054354121E-02
  0.581141826157E-02  0.134430553549E-02
  0.595854021715E-02  0.141123240386E-02
  0.610938658276E-02  0.148147962834E-02
  0.626405164230E-02  0.155521018015E-02
  0.642263206646E-02  0.163259486829E-02
  0.658522697317E-02  0.171381270339E-02
  0.675193798954E-02  0.179905127743E-02
  0.692286931538E-02  0.188850715987E-02
  0.709812778834E-02  0.198238631095E-02
  0.727782295066E-02  0.208090451273E-02
  0.746206711768E-02  0.218428781845E-02
  0.765097544799E-02  0.229277302110E-02
  0.784466601545E-02  0.240660814162E-02
  0.804325988297E-02  0.252605293772E-02
  0.824688117818E-02  0.265137943381E-02
  0.845565717102E-02  0.278287247292E-02
  0.866971835329E-02  0.292083029130E-02
  0.888919852018E-02  0.306556511648E-02
  0.911423485395E-02  0.321740378959E-02
  0.934496800963E-02  0.337668841270E-02
  0.958154220295E-02  0.354377702196E-02
  0.982410530049E-02  0.371904428738E-02
  0.100728089121E-01  0.390288224005E-02
  0.103278084856E-01  0.409570102764E-02
  0.105892634040E-01  0.429792969889E-02
  0.108573370852E-01  0.451001701807E-02
  0.111321970840E-01  0.473243231009E-02
  0.114140151967E-01  0.496566633712E-02
  0.117029675689E-01  0.521023220751E-02
  0.119992348053E-01  0.546666631780E-02
  0.123030020825E-01  0.573552932861E-02
  0.126144592649E-01  0.601740717506E-02
  0.129338010234E-01  0.631291211260E-02
  0.132612269570E-01  0.662268379875E-02
  0.135969417176E-01  0.694739041165E-02
  0.139411551378E-01  0.728772980574E-02
  0.142940823622E-01  0.764443070538E-02
  0.146559439819E-01  0.801825393682E-02
  0.150269661720E-01  0.840999369890E-02
  0.154073808336E-01  0.882047887301E-02
  0.157974257383E-01  0.925057437249E-02
  0.161973446767E-01  0.970118253167E-02
  0.166073876112E-01  0.101732445348E-01
  0.170278108321E-01  0.106677418845E-01
  0.174588771174E-01  0.111856979103E-01
  0.179008558977E-01  0.117281793163E-01
  0.183540234241E-01  0.122962977676E-01
  0.188186629411E-01  0.128912115160E-01
  0.192950648634E-01  0.135141270620E-01
  0.197835269578E-01  0.141663008554E-01
  0.202843545290E-01  0.148490410297E-01
  0.207978606105E-01  0.155637091721E-01
  0.213243661604E-01  0.163117221257E-01
  0.218642002617E-01  0.170945538223E-01
  0.224177003284E-01  0.179137371443E-01
  0.229852123159E-01  0.187708658126E-01
  0.235670909379E-01  0.196675962977E-01
  0.241636998872E-01  0.206056497520E-01
  0.247754120641E-01  0.215868139575E-01
  0.254026098084E-01  0.226129452883E-01
  0.260456851392E-01  0.236859706797E-01
  0.267050399995E-01  0.248078896024E-01
  0.273810865075E-01  0.259807760355E-01
  0.280742472144E-01  0.272067804309E-01
  0.287849553681E-01  0.284881316658E-01
  0.295136551844E-01  0.298271389735E-01
  0.302608021244E-01  0.312261938470E-01
  0.310268631792E-01  0.326877719069E-01
  0.318123171620E-01  0.342144347229E-01
  0.326176550070E-01  0.358088315832E-01
  0.334433800765E-01  0.374737011969E-01
  0.342900084758E-01  0.392118733233E-01
  0.351580693750E-01  0.410262703107E-01
  0.360481053405E-01  0.429199085383E-01
  0.369606726737E-01  0.448958997412E-01
  0.378963417590E-01  0.469574522102E-01
  0.388556974199E-01  0.491078718446E-01
  0.398393392850E-01  0.513505630485E-01
  0.408478821625E-01  0.536890294461E-01
  0.418819564245E-01  0.561268744043E-01
  0.429422084011E-01  0.586678013364E-01
  0.440293007842E-01  0.613156137732E-01
  0.451439130420E-01  0.640742151728E-01
  0.462867418435E-01  0.669476084532E-01
  0.474585014938E-01  0.699398952158E-01
  0.486599243809E-01  0.730552746443E-01
  0.498917614331E-01  0.762980420421E-01
  0.511547825889E-01  0.796725869904E-01
  0.524497772774E-01  0.831833910905E-01
  0.537775549125E-01  0.868350252676E-01
  0.551389453985E-01  0.906321465977E-01
  0.565347996487E-01  0.945794946346E-01
  0.579659901175E-01  0.986818871942E-01
  0.594334113455E-01  0.102944215572E+00
  0.609379805187E-01  0.107371439152E+00
  0.624806380420E-01  0.111968579374E+00
  0.640623481263E-01  0.116740713022E+00
  0.656840993921E-01  0.121692964805E+00
  0.673469054866E-01  0.126830499172E+00
  0.690518057178E-01  0.132158511355E+00
  0.707998657038E-01  0.137682217572E+00
  0.725921780391E-01  0.143406844371E+00
  0.744298629771E-01  0.149337617074E+00
  0.763140691309E-01  0.155479747279E+00
  0.782459741905E-01  0.161838419395E+00
  0.802267856596E-01  0.168418776164E+00
  0.822577416097E-01  0.175225903149E+00
  0.843401114545E-01  0.182264812138E+00
  0.864751967428E-01  0.189540423473E+00
  0.886643319726E-01  0.197057547220E+00
  0.909088854246E-01  0.204820863234E+00
  0.932102600177E-01  0.212834900007E+00
  0.955698941861E-01  0.221104012402E+00
  0.979892627777E-01  0.229632358117E+00
  0.100469877977E+00  0.238423873051E+00
  0.103013290249E+00  0.247482245379E+00
  0.105621089309E+00  0.256810888560E+00
  0.108294905117E+00  0.266412913057E+00
  0.111036408894E+00  0.276291097067E+00
  0.113847314169E+00  0.286447855983E+00
  0.116729377851E+00  0.296885210990E+00
  0.119684401322E+00  0.307604756450E+00
  0.122714231568E+00  0.318607626585E+00
  0.125820762332E+00  0.329894461047E+00
  0.129005935297E+00  0.341465370006E+00
  0.132271741299E+00  0.353319898267E+00
  0.135620221574E+00  0.365456989168E+00
  0.139053469030E+00  0.377874947717E+00
  0.142573629560E+00  0.390571403817E+00
  0.146182903378E+00  0.403543274985E+00
  0.149883546397E+00  0.416786729522E+00
  0.153677871641E+00  0.430297149505E+00
  0.157568250685E+00  0.444069094608E+00
  0.161557115144E+00  0.458096266132E+00
  0.165646958187E+00  0.472371472286E+00
  0.169840336100E+00  0.486886594114E+00
  0.174139869880E+00  0.501632553085E+00
  0.178548246876E+00  0.516599279846E+00
  0.183068222467E+00  0.531775685024E+00
  0.187702621785E+00  0.547149631777E+00
  0.192454341480E+00  0.562707910720E+00
  0.197326351532E+00  0.578436217287E+00
  0.202321697106E+00  0.594319131730E+00
  0.207443500455E+00  0.610340102329E+00
  0.212694962872E+00  0.626481431447E+00
  0.218079366694E+00  0.642724265720E+00
  0.223600077348E+00  0.659048589237E+00
  0.229260545457E+00  0.675433221981E+00
  0.235064308999E+00  0.691855821385E+00
  0.241014995514E+00  0.708292890514E+00
  0.247116324375E+00  0.724719789514E+00
  0.253372109112E+00  0.741110755304E+00
  0.259786259794E+00  0.757438924723E+00
  0.266362785473E+00  0.773676367778E+00
  0.273105796692E+00  0.789794124508E+00
  0.280019508054E+00  0.805762253946E+00
  0.287108240851E+00  0.821549886740E+00
  0.294376425774E+00  0.837125291810E+00
  0.301828605673E+00  0.852455946462E+00
  0.309469438406E+00  0.867508622166E+00
  0.317303699739E+00  0.882249473251E+00
  0.325336286343E+00  0.896644142321E+00
  0.333572218845E+00  0.910657867650E+00
  0.342016644970E+00  0.924255607606E+00
  0.350674842761E+00  0.937402165722E+00
  0.359552223872E+00  0.950062332225E+00
  0.368654336956E+00  0.962201024616E+00
  0.377986871130E+00  0.973783443145E+00
  0.387555659531E+00  0.984775223656E+00
  0.397366682964E+00  0.995142602743E+00
  0.407426073637E+00  0.100485257872E+01
  0.417740118998E+00  0.101387308126E+01
  0.428315265660E+00  0.102217313571E+01
  0.439158123435E+00  0.102972303136E+01
  0.450275469461E+00  0.103649448377E+01
  0.461674252441E+00  0.104246079561E+01
  0.473361596986E+00  0.104759701159E+01
  0.485344808068E+00  0.105188006553E+01
  0.497631375582E+00  0.105528892277E+01
  0.510228979033E+00  0.105780470752E+01
  0.523145492334E+00  0.105941082796E+01
  0.536388988726E+00  0.106009307873E+01
  0.549967745826E+00  0.105983974454E+01
  0.563890250798E+00  0.105864167363E+01
  0.578165205661E+00  0.105649235683E+01
  0.592801532727E+00  0.105338796903E+01
  0.607808380177E+00  0.104932742169E+01
  0.623195127779E+00  0.104431237091E+01
  0.638971392751E+00  0.103834724266E+01
  0.655147035772E+00  0.103143920747E+01
  0.671732167146E+00  0.102359817892E+01
  0.688737153119E+00  0.101483675660E+01
  0.706172622362E+00  0.100517019935E+01
  0.724049472610E+00  0.994616339572E+00
  0.742378877476E+00  0.983195533699E+00
  0.761172293436E+00  0.970930551956E+00
  0.780441466986E+00  0.957846509221E+00
  0.800198441987E+00  0.943970735126E+00
  0.820455567191E+00  0.929332688730E+00
  0.841225503962E+00  0.913963814270E+00
  0.862521234184E+00  0.897897443048E+00
  0.884356068385E+00  0.881168640075E+00
  0.906743654044E+00  0.863814096255E+00
  0.929697984133E+00  0.845871970710E+00
  0.953233405854E+00  0.827381775771E+00
  0.977364629613E+00  0.808384218988E+00
  0.100210673821E+01  0.788921082682E+00
  0.102747519627E+01  0.769035068613E+00
  0.105348585990E+01  0.748769673035E+00
  0.108015498662E+01  0.728169035867E+00
  0.110749924549E+01  0.707277811410E+00
  0.113553572757E+01  0.686141022727E+00
  0.116428195658E+01  0.664803870795E+00
  0.119375589983E+01  0.643311625997E+00
  0.122397597952E+01  0.621709513267E+00
  0.125496108416E+01  0.600042525436E+00
  0.128673058046E+01  0.578355404558E+00
  0.131930432539E+01  0.556692404009E+00
  0.135270267859E+01  0.535097179907E+00
  0.138694651514E+01  0.513612654661E+00
  0.142205723853E+01  0.492280859893E+00
  0.145805679412E+01  0.471142806792E+00
  0.149496768280E+01  0.450238323617E+00
  0.153281297507E+01  0.429605927605E+00
  0.157161632548E+01  0.409282661350E+00
  0.161140198738E+01  0.389303966186E+00
  0.165219482810E+01  0.369703522165E+00
  0.169402034451E+01  0.350513126565E+00
  0.173690467890E+01  0.331762543324E+00
  0.178087463539E+01  0.313479392256E+00
  0.182595769662E+01  0.295689015511E+00
  0.187218204099E+01  0.278414384989E+00
  0.191957656020E+01  0.261675994854E+00
  0.196817087738E+01  0.245491796121E+00
  0.201799536556E+01  0.229877124950E+00
  0.206908116665E+01  0.214844673677E+00
  0.212146021096E+01  0.200404463693E+00
  0.217516523710E+01  0.186563860308E+00
  0.223022981243E+01  0.173327595501E+00
  0.228668835414E+01  0.160697829308E+00
  0.234457615062E+01  0.148674221553E+00
  0.240392938366E+01  0.137254035637E+00
  0.246478515094E+01  0.126432251271E+00
  0.252718148930E+01  0.116201700217E+00
  0.259115739849E+01  0.106553207068E+00
  0.265675286554E+01  0.974757435841E-01
  0.272400888973E+01  0.889565838750E-01
  0.279296750829E+01  0.809814653679E-01
  0.286367182258E+01  0.735347477767E-01
  0.293616602512E+01  0.665995727028E-01
  0.301049542712E+01  0.601580200497E-01
  0.308670648690E+01  0.541912622073E-01
  0.316484683884E+01  0.486797148789E-01
  0.324496532321E+01  0.436031841690E-01
  0.332711201667E+01  0.389410103377E-01
  0.341133826357E+01  0.346722067997E-01
  0.349769670806E+01  0.307755954609E-01
  0.358624132699E+01  0.272299362817E-01
  0.367702746361E+01  0.240140523287E-01
  0.377011186223E+01  0.211069478832E-01
  0.386555270361E+01  0.184879207738E-01
  0.396340964140E+01  0.161366665185E-01
  0.406374383936E+01  0.140333752519E-01
  0.416661800964E+01  0.121588193080E-01
  0.427209645193E+01  0.104944322486E-01
  0.438024509371E+01  0.902237767163E-02
  0.449113153138E+01  0.772560846566E-02
  0.460482507259E+01  0.658791539843E-02
  0.472139677950E+01  0.559396566189E-02
  0.484091951322E+01  0.472933082873E-02
  0.496346797935E+01  0.398050487145E-02
  0.508911877466E+01  0.333491222039E-02
  0.521795043501E+01  0.278090658699E-02
  0.535004348437E+01  0.230776096266E-02
  0.548548048518E+01  0.190564961053E-02
  0.562434609000E+01  0.156562278008E-02
  0.576672709434E+01  0.127957503783E-02
  0.591271249097E+01  0.104020813936E-02
  0.606239352551E+01  0.840989370817E-03
  0.621586375348E+01  0.676106359661E-03
  0.637321909876E+01  0.540419261352E-03
  0.653455791358E+01  0.429411289784E-03
  0.669998103993E+01  0.339138416449E-03
  0.686959187267E+01  0.266179090133E-03
  0.704349642408E+01  0.207584667549E-03
  0.722180339018E+01  0.160831233677E-03
  0.740462421860E+01  0.123773331033E-03
  0.759207317834E+01  0.946000749379E-04
  0.778426743108E+01  0.717939872915E-04
  0.798132710449E+01  0.540928222845E-04
  0.818337536729E+01  0.404545359427E-04
  0.839053850621E+01  0.300254895347E-04
  0.860294600496E+01  0.221118826095E-04
  0.882073062515E+01  0.161543581380E-04
  0.904402848924E+01  0.117056563296E-04
  0.927297916567E+01  0.841115589828E-05
  0.950772575607E+01  0.599210236768E-05
  0.974841498470E+01  0.423130305616E-05
  0.999519729016E+01  0.296105202605E-05
  0.102482269194E+02  0.205304477620E-05
  0.105076620243E+02  0.141004358164E-05
  0.107736647600E+02  0.959063486169E-06
  0.110464013871E+02  0.645861654364E-06
  0.113260423748E+02  0.430529764080E-06
  0.116127625078E+02  0.284007707106E-06
  0.119067409955E+02  0.185357187071E-06
  0.122081615841E+02  0.119654172398E-06
  0.125172126711E+02  0.763782117430E-07
  0.128340874237E+02  0.481963578150E-07
  0.131589838989E+02  0.300569817117E-07
  0.134921051675E+02  0.185201307767E-07
  0.138336594411E+02  0.112709690632E-07
  0.141838602024E+02  0.677449314674E-08
  0.145429263381E+02  0.402167369222E-08
  0.149110822763E+02  0.235553873220E-08
  0.152885581265E+02  0.136758339406E-08
  0.156755898233E+02  0.791112110698E-09
  0.160724192742E+02  0.442413141093E-09
  0.164792945104E+02  0.243881386860E-09
  0.168964698423E+02  0.132472863504E-09
  0.173242060180E+02  0.708769724305E-10
  0.177627703866E+02  0.000000000000E+00
  0.182124370650E+02  0.000000000000E+00
  0.186734871095E+02  0.000000000000E+00
  0.191462086915E+02  0.000000000000E+00
  0.196308972773E+02  0.000000000000E+00
  0.201278558131E+02  0.000000000000E+00
  0.206373949141E+02  0.000000000000E+00
  0.211598330588E+02  0.000000000000E+00
  0.216954967882E+02  0.000000000000E+00
  0.222447209094E+02  0.000000000000E+00
  0.228078487055E+02  0.000000000000E+00
  0.233852321496E+02  0.000000000000E+00
  0.239772321251E+02  0.000000000000E+00
  0.245842186514E+02  0.000000000000E+00
  0.252065711148E+02  0.000000000000E+00
  0.258446785058E+02  0.000000000000E+00
  0.264989396623E+02  0.000000000000E+00
  0.271697635188E+02  0.000000000000E+00
  0.278575693621E+02  0.000000000000E+00
  0.285627870932E+02  0.000000000000E+00
  0.292858574962E+02  0.000000000000E+00
  0.300272325136E+02  0.000000000000E+00
  0.307873755289E+02  0.000000000000E+00
  0.315667616562E+02  0.000000000000E+00
  0.323658780373E+02  0.000000000000E+00
  0.331852241459E+02  0.000000000000E+00
  0.340253121000E+02  0.000000000000E+00
  0.348866669819E+02  0.000000000000E+00
  0.357698271664E+02  0.000000000000E+00
  0.366753446575E+02  0.000000000000E+00
  0.376037854330E+02  0.000000000000E+00
  0.385557297986E+02  0.000000000000E+00
  0.395317727505E+02  0.000000000000E+00
  0.405325243475E+02  0.000000000000E+00
  0.415586100917E+02  0.000000000000E+00
  0.426106713202E+02  0.000000000000E+00
  0.436893656055E+02  0.000000000000E+00
  0.447953671666E+02  0.000000000000E+00
  0.459293672906E+02  0.000000000000E+00
  0.470920747644E+02  0.000000000000E+00
  0.482842163180E+02  0.000000000000E+00
  0.495065370787E+02  0.000000000000E+00
  0.507598010368E+02  0.000000000000E+00
  0.520447915230E+02  0.000000000000E+00
  0.533623116983E+02  0.000000000000E+00
  0.547131850556E+02  0.000000000000E+00
  0.560982559348E+02  0.000000000000E+00
  0.575183900502E+02  0.000000000000E+00
  0.589744750319E+02  0.000000000000E+00
  0.604674209804E+02  0.000000000000E+00
  0.619981610355E+02  0.000000000000E+00
  0.635676519596E+02  0.000000000000E+00
  0.651768747356E+02  0.000000000000E+00
  0.668268351801E+02  0.000000000000E+00
  0.685185645722E+02  0.000000000000E+00
  0.702531202977E+02  0.000000000000E+00
  0.720315865105E+02  0.000000000000E+00
  0.738550748097E+02  0.000000000000E+00
  0.757247249351E+02  0.000000000000E+00
  0.776417054787E+02  0.000000000000E+00
  0.796072146158E+02  0.000000000000E+00
  0.816224808536E+02  0.000000000000E+00
  0.836887637992E+02  0.000000000000E+00
  0.858073549465E+02  0.000000000000E+00
  0.879795784840E+02  0.000000000000E+00
  0.902067921222E+02  0.000000000000E+00
  0.924903879421E+02  0.000000000000E+00
  0.948317932655E+02  0.000000000000E+00
  0.972324715467E+02  0.000000000000E+00
  0.996939232880E+02  0.000000000000E+00
  0.102217686977E+03  0.000000000000E+00
  0.104805340048E+03  0.000000000000E+00
  0.107458499868E+03  0.000000000000E+00
  0.110178824748E+03  0.000000000000E+00
  0.112968014981E+03  0.000000000000E+00
  0.115827813901E+03  0.000000000000E+00
  0.118760008975E+03  0.000000000000E+00
  0.121766432921E+03  0.000000000000E+00
  0.124848964852E+03  0.000000000000E+00
  0.128009531449E+03  0.000000000000E+00
  0.131250108172E+03  0.000000000000E+00
  0.134572720484E+03  0.000000000000E+00
  0.137979445128E+03  0.000000000000E+00
  0.141472411416E+03  0.000000000000E+00
  0.145053802567E+03  0.000000000000E+00
  0.148725857067E+03  0.000000000000E+00
  0.152490870069E+03  0.000000000000E+00
  0.156351194829E+03  0.000000000000E+00
