           7
         869           0         100
  0.000000000000E+00  0.000000000000E+00
  0.141236030267E-05  0.529601325968E-03
  0.284886293360E-05  0.106823524414E-02
  0.430992057220E-05  0.161603431870E-02
  0.579595295206E-05  0.217313152430E-02
  0.730738698153E-05  0.273966013159E-02
  0.884465686636E-05  0.331577049631E-02
  0.104082042344E-04  0.390160402173E-02
  0.119984782627E-04  0.449730241834E-02
  0.136159358060E-04  0.510301237320E-02
  0.152610415287E-04  0.571888244721E-02
  0.169342680377E-04  0.634506322460E-02
  0.186360960188E-04  0.698170767360E-02
  0.203670143741E-04  0.762897111839E-02
  0.221275203630E-04  0.828701130388E-02
  0.239181197449E-04  0.895598844390E-02
  0.257393269241E-04  0.963606528550E-02
  0.275916650984E-04  0.103274071733E-01
  0.294756664086E-04  0.110301821158E-01
  0.313918720919E-04  0.117445608541E-01
  0.333408326370E-04  0.124707169324E-01
  0.353231079427E-04  0.132088267701E-01
  0.373392674782E-04  0.139590697355E-01
  0.393898904473E-04  0.147216282203E-01
  0.414755659541E-04  0.154966877155E-01
  0.435968931729E-04  0.162844368881E-01
  0.457544815199E-04  0.170850676584E-01
  0.479489508286E-04  0.178987752784E-01
  0.501809315274E-04  0.187257584105E-01
  0.524510648214E-04  0.195662192064E-01
  0.547600028757E-04  0.204203633869E-01
  0.571084090038E-04  0.212884003218E-01
  0.594969578571E-04  0.221705431094E-01
  0.619263356196E-04  0.230670086570E-01
  0.643972402044E-04  0.239780177605E-01
  0.669103814547E-04  0.249037951850E-01
  0.694664813473E-04  0.258445697437E-01
  0.720662742002E-04  0.268005743782E-01
  0.747105068837E-04  0.277720462372E-01
  0.773999390345E-04  0.287592267556E-01
  0.801353432746E-04  0.297623617325E-01
  0.829175054325E-04  0.307817014097E-01
  0.857472247698E-04  0.318175005485E-01
  0.886253142099E-04  0.328700185066E-01
  0.915526005723E-04  0.339395193144E-01
  0.945299248097E-04  0.350262717501E-01
  0.975581422497E-04  0.361305494152E-01
  0.100638122841E-03  0.372526308078E-01
  0.103770751401E-03  0.383927993968E-01
  0.106956927875E-03  0.395513436944E-01
  0.110197567590E-03  0.407285573281E-01
  0.113493601517E-03  0.419247391127E-01
  0.116845976544E-03  0.431401931206E-01
  0.120255655744E-03  0.443752287525E-01
  0.123723618651E-03  0.456301608073E-01
  0.127250861545E-03  0.469053095511E-01
  0.130838397732E-03  0.482010007861E-01
  0.134487257844E-03  0.495175659196E-01
  0.138198490128E-03  0.508553420316E-01
  0.141973160747E-03  0.522146719432E-01
  0.145812354093E-03  0.535959042846E-01
  0.149717173091E-03  0.549993935623E-01
  0.153688739521E-03  0.564255002277E-01
  0.157728194335E-03  0.578745907444E-01
  0.161836697993E-03  0.593470376570E-01
  0.166015430786E-03  0.608432196589E-01
  0.170265593185E-03  0.623635216615E-01
  0.174588406178E-03  0.639083348634E-01
  0.178985111626E-03  0.654780568204E-01
  0.183456972618E-03  0.670730915160E-01
  0.188005273833E-03  0.686938494328E-01
  0.192631321909E-03  0.703407476244E-01
  0.197336445820E-03  0.720142097888E-01
  0.202121997259E-03  0.737146663424E-01
  0.206989351021E-03  0.754425544951E-01
  0.211939905402E-03  0.771983183269E-01
  0.216975082601E-03  0.789824088652E-01
  0.222096329128E-03  0.807952841638E-01
  0.227305116216E-03  0.826374093834E-01
  0.232602940250E-03  0.845092568726E-01
  0.237991323193E-03  0.864113062518E-01
  0.243471813021E-03  0.883440444970E-01
  0.249045984175E-03  0.903079660265E-01
  0.254715438005E-03  0.923035727879E-01
  0.260481803236E-03  0.943313743480E-01
  0.266346736433E-03  0.963918879829E-01
  0.272311922478E-03  0.984856387707E-01
  0.278379075053E-03  0.100613159685E+00
  0.284549937135E-03  0.102774991691E+00
  0.290826281491E-03  0.104971683842E+00
  0.297209911194E-03  0.107203793377E+00
  0.303702660139E-03  0.109471885823E+00
  0.310306393565E-03  0.111776535095E+00
  0.317023008598E-03  0.114118323597E+00
  0.323854434791E-03  0.116497842331E+00
  0.330802634681E-03  0.118915690998E+00
  0.337869604351E-03  0.121372478107E+00
  0.345057374004E-03  0.123868821082E+00
  0.352368008549E-03  0.126405346373E+00
  0.359803608188E-03  0.128982689565E+00
  0.367366309026E-03  0.131601495489E+00
  0.375058283680E-03  0.134262418335E+00
  0.382881741906E-03  0.136966121765E+00
  0.390838931231E-03  0.139713279028E+00
  0.398932137603E-03  0.142504573072E+00
  0.407163686043E-03  0.145340696663E+00
  0.415535941315E-03  0.148222352498E+00
  0.424051308607E-03  0.151150253325E+00
  0.432712234219E-03  0.154125122055E+00
  0.441521206266E-03  0.157147691885E+00
  0.450480755397E-03  0.160218706412E+00
  0.459593455516E-03  0.163338919751E+00
  0.468861924526E-03  0.166509096655E+00
  0.478288825079E-03  0.169730012632E+00
  0.487876865340E-03  0.173002454062E+00
  0.497628799768E-03  0.176327218318E+00
  0.507547429905E-03  0.179705113878E+00
  0.517635605182E-03  0.183136960449E+00
  0.527896223736E-03  0.186623589081E+00
  0.538332233244E-03  0.190165842282E+00
  0.548946631770E-03  0.193764574137E+00
  0.559742468626E-03  0.197420650422E+00
  0.570722845245E-03  0.201134948719E+00
  0.581890916079E-03  0.204908358528E+00
  0.593249889497E-03  0.208741781385E+00
  0.604803028713E-03  0.212636130967E+00
  0.616553652720E-03  0.216592333209E+00
  0.628505137245E-03  0.220611326409E+00
  0.640660915719E-03  0.224694061339E+00
  0.653024480261E-03  0.228841501352E+00
  0.665599382684E-03  0.233054622483E+00
  0.678389235514E-03  0.237334413557E+00
  0.691397713028E-03  0.241681876290E+00
  0.704628552311E-03  0.246098025386E+00
  0.718085554327E-03  0.250583888636E+00
  0.731772585010E-03  0.255140507014E+00
  0.745693576382E-03  0.259768934770E+00
  0.759852527673E-03  0.264470239516E+00
  0.774253506476E-03  0.269245502320E+00
  0.788900649913E-03  0.274095817786E+00
  0.803798165825E-03  0.279022294138E+00
  0.818950333981E-03  0.284026053297E+00
  0.834361507305E-03  0.289108230956E+00
  0.850036113129E-03  0.294269976651E+00
  0.865978654464E-03  0.299512453828E+00
  0.882193711293E-03  0.304836839910E+00
  0.898685941888E-03  0.310244326350E+00
  0.915460084149E-03  0.315736118689E+00
  0.932520956962E-03  0.321313436607E+00
  0.949873461585E-03  0.326977513964E+00
  0.967522583057E-03  0.332729598842E+00
  0.985473391630E-03  0.338570953581E+00
  0.100373104422E-02  0.344502854801E+00
  0.102230078591E-02  0.350526593431E+00
  0.104118795141E-02  0.356643474722E+00
  0.106039796664E-02  0.362854818254E+00
  0.107993635028E-02  0.369161957942E+00
  0.109980871532E-02  0.375566242031E+00
  0.112002077070E-02  0.382069033079E+00
  0.114057832296E-02  0.388671707942E+00
  0.116148727789E-02  0.395375657742E+00
  0.118275364222E-02  0.402182287830E+00
  0.120438352537E-02  0.409093017740E+00
  0.122638314118E-02  0.416109281133E+00
  0.124875880973E-02  0.423232525730E+00
  0.127151695910E-02  0.430464213241E+00
  0.129466412727E-02  0.437805819269E+00
  0.131820696398E-02  0.445258833224E+00
  0.134215223262E-02  0.452824758205E+00
  0.136650681221E-02  0.460505110881E+00
  0.139127769936E-02  0.468301421359E+00
  0.141647201024E-02  0.476215233038E+00
  0.144209698271E-02  0.484248102445E+00
  0.146815997833E-02  0.492401599065E+00
  0.149466848447E-02  0.500677305149E+00
  0.152163011654E-02  0.509076815515E+00
  0.154905262008E-02  0.517601737322E+00
  0.157694387304E-02  0.526253689841E+00
  0.160531188805E-02  0.535034304198E+00
  0.163416481468E-02  0.543945223108E+00
  0.166351094183E-02  0.552988100584E+00
  0.169335870006E-02  0.562164601630E+00
  0.172371666407E-02  0.571476401919E+00
  0.175459355510E-02  0.580925187444E+00
  0.178599824349E-02  0.590512654150E+00
  0.181793975121E-02  0.600240507549E+00
  0.185042725441E-02  0.610110462309E+00
  0.188347008615E-02  0.620124241817E+00
  0.191707773898E-02  0.630283577725E+00
  0.195125986773E-02  0.640590209469E+00
  0.198602629227E-02  0.651045883758E+00
  0.202138700031E-02  0.661652354047E+00
  0.205735215031E-02  0.672411379968E+00
  0.209393207435E-02  0.683324726751E+00
  0.213113728115E-02  0.694394164601E+00
  0.216897845903E-02  0.705621468052E+00
  0.220746647903E-02  0.717008415294E+00
  0.224661239802E-02  0.728556787459E+00
  0.228642746187E-02  0.740268367881E+00
  0.232692310866E-02  0.752144941324E+00
  0.236811097202E-02  0.764188293171E+00
  0.241000288442E-02  0.776400208577E+00
  0.245261088060E-02  0.788782471591E+00
  0.249594720101E-02  0.801336864235E+00
  0.254002429534E-02  0.814065165547E+00
  0.258485482607E-02  0.826969150582E+00
  0.263045167217E-02  0.840050589376E+00
  0.267682793271E-02  0.853311245863E+00
  0.272399693071E-02  0.866752876754E+00
  0.277197221690E-02  0.880377230366E+00
  0.282076757364E-02  0.894186045410E+00
  0.287039701892E-02  0.908181049729E+00
  0.292087481029E-02  0.922363958993E+00
  0.297221544906E-02  0.936736475336E+00
  0.302443368441E-02  0.951300285953E+00
  0.307754451760E-02  0.966057061638E+00
  0.313156320637E-02  0.981008455269E+00
  0.318650526923E-02  0.996156100246E+00
  0.324238648998E-02  0.101150160886E+01
  0.329922292221E-02  0.102704657063E+01
  0.335703089393E-02  0.104279255055E+01
  0.341582701225E-02  0.105874108728E+01
  0.347562816815E-02  0.107489369134E+01
  0.353645154135E-02  0.109125184311E+01
  0.359831460524E-02  0.110781699092E+01
  0.366123513186E-02  0.112459054898E+01
  0.372523119707E-02  0.114157389523E+01
  0.379032118571E-02  0.115876836921E+01
  0.385652379685E-02  0.117617526978E+01
  0.392385804925E-02  0.119379585281E+01
  0.399234328671E-02  0.121163132878E+01
  0.406199918373E-02  0.122968286033E+01
  0.413284575110E-02  0.124795155970E+01
  0.420490334166E-02  0.126643848615E+01
  0.427819265617E-02  0.128514464325E+01
  0.435273474923E-02  0.130407097611E+01
  0.442855103533E-02  0.132321836854E+01
  0.450566329504E-02  0.134258764016E+01
  0.458409368120E-02  0.136217954332E+01
  0.466386472536E-02  0.138199476010E+01
  0.474499934419E-02  0.140203389908E+01
  0.482752084610E-02  0.142229749212E+01
  0.491145293791E-02  0.144278599101E+01
  0.499681973170E-02  0.146349976404E+01
  0.508364575169E-02  0.148443909253E+01
  0.517195594131E-02  0.150560416720E+01
  0.526177567038E-02  0.152699508450E+01
  0.535313074236E-02  0.154861184284E+01
  0.544604740180E-02  0.157045433875E+01
  0.554055234186E-02  0.159252236293E+01
  0.563667271197E-02  0.161481559618E+01
  0.573443612567E-02  0.163733360535E+01
  0.583387066849E-02  0.166007583909E+01
  0.593500490604E-02  0.168304162354E+01
  0.603786789224E-02  0.170623015797E+01
  0.614248917763E-02  0.172964051033E+01
  0.624889881788E-02  0.175327161262E+01
  0.635712738242E-02  0.177712225635E+01
  0.646720596324E-02  0.180119108771E+01
  0.657916618376E-02  0.182547660283E+01
  0.669304020800E-02  0.184997714286E+01
  0.680886074976E-02  0.187469088900E+01
  0.692666108204E-02  0.189961585745E+01
  0.704647504660E-02  0.192474989429E+01
  0.716833706367E-02  0.195009067025E+01
  0.729228214185E-02  0.197563567547E+01
  0.741834588816E-02  0.200138221415E+01
  0.754656451827E-02  0.202732739913E+01
  0.767697486693E-02  0.205346814642E+01
  0.780961439849E-02  0.207980116970E+01
  0.794452121773E-02  0.210632297471E+01
  0.808173408077E-02  0.213302985360E+01
  0.822129240621E-02  0.215991787931E+01
  0.836323628645E-02  0.218698289980E+01
  0.850760649922E-02  0.221422053233E+01
  0.865444451929E-02  0.224162615765E+01
  0.880379253039E-02  0.226919491422E+01
  0.895569343731E-02  0.229692169239E+01
  0.911019087824E-02  0.232480112853E+01
  0.926732923730E-02  0.235282759928E+01
  0.942715365730E-02  0.238099521564E+01
  0.958971005271E-02  0.240929781722E+01
  0.975504512284E-02  0.243772896644E+01
  0.992320636524E-02  0.246628194277E+01
  0.100942420894E-01  0.249494973705E+01
  0.102682014306E-01  0.252372504581E+01
  0.104451343639E-01  0.255260026571E+01
  0.106250917188E-01  0.258156748802E+01
  0.108081251935E-01  0.261061849320E+01
  0.109942873700E-01  0.263974474559E+01
  0.111836317291E-01  0.266893738822E+01
  0.113762126658E-01  0.269818723772E+01
  0.115720855048E-01  0.272748477942E+01
  0.117713065167E-01  0.275682016257E+01
  0.119739329337E-01  0.278618319576E+01
  0.121800229665E-01  0.281556334253E+01
  0.123896358208E-01  0.284494971716E+01
  0.126028317143E-01  0.287433108077E+01
  0.128196718941E-01  0.290369583756E+01
  0.130402186541E-01  0.293303203140E+01
  0.132645353532E-01  0.296232734263E+01
  0.134926864332E-01  0.299156908529E+01
  0.137247374375E-01  0.302074420451E+01
  0.139607550299E-01  0.304983927442E+01
  0.142008070136E-01  0.307884049630E+01
  0.144449623510E-01  0.310773369718E+01
  0.146932911831E-01  0.313650432891E+01
  0.149458648500E-01  0.316513746757E+01
  0.152027559112E-01  0.319361781340E+01
  0.154640381667E-01  0.322192969130E+01
  0.157297866776E-01  0.325005705169E+01
  0.160000777885E-01  0.327798347207E+01
  0.162749891486E-01  0.330569215904E+01
  0.165545997348E-01  0.333316595105E+01
  0.168389898738E-01  0.336038732162E+01
  0.171282412653E-01  0.338733838337E+01
  0.174224370056E-01  0.341400089264E+01
  0.177216616115E-01  0.344035625488E+01
  0.180260010445E-01  0.346638553074E+01
  0.183355427353E-01  0.349206944298E+01
  0.186503756093E-01  0.351738838414E+01
  0.189705901120E-01  0.354232242510E+01
  0.192962782346E-01  0.356685132444E+01
  0.196275335412E-01  0.359095453871E+01
  0.199644511949E-01  0.361461123366E+01
  0.203071279857E-01  0.363780029636E+01
  0.206556623581E-01  0.366050034832E+01
  0.210101544391E-01  0.368268975963E+01
  0.213707060674E-01  0.370434666407E+01
  0.217374208227E-01  0.372544897535E+01
  0.221104040549E-01  0.374597440439E+01
  0.224897629150E-01  0.376590047764E+01
  0.228756063853E-01  0.378520455665E+01
  0.232680453113E-01  0.380386385870E+01
  0.236671924330E-01  0.382185547856E+01
  0.240731624176E-01  0.383915641154E+01
  0.244860718926E-01  0.385574357760E+01
  0.249060394789E-01  0.387159384679E+01
  0.253331858248E-01  0.388668406580E+01
  0.257676336415E-01  0.390099108582E+01
  0.262095077372E-01  0.391449179158E+01
  0.266589350540E-01  0.392716313163E+01
  0.271160447034E-01  0.393898214984E+01
  0.275809680044E-01  0.394992601818E+01
  0.280538385204E-01  0.395997207063E+01
  0.285347920979E-01  0.396909783841E+01
  0.290239669056E-01  0.397728108626E+01
  0.295215034739E-01  0.398449985002E+01
  0.300275447354E-01  0.399073247532E+01
  0.305422360661E-01  0.399595765731E+01
  0.310657253268E-01  0.400015448161E+01
  0.315981629059E-01  0.400330246615E+01
  0.321397017622E-01  0.400538160419E+01
  0.326904974695E-01  0.400637240809E+01
  0.332507082608E-01  0.400625595417E+01
  0.338204950737E-01  0.400501392823E+01
  0.344000215969E-01  0.400262867195E+01
  0.349894543173E-01  0.399908322996E+01
  0.355889625674E-01  0.399436139746E+01
  0.361987185743E-01  0.398844776844E+01
  0.368188975092E-01  0.398132778428E+01
  0.374496775375E-01  0.397298778271E+01
  0.380912398700E-01  0.396341504695E+01
  0.387437688153E-01  0.395259785500E+01
  0.394074518321E-01  0.394052552890E+01
  0.400824795839E-01  0.392718848384E+01
  0.407690459931E-01  0.391257827703E+01
  0.414673482968E-01  0.389668765605E+01
  0.421775871038E-01  0.387951060682E+01
  0.428999664521E-01  0.386104240063E+01
  0.436346938671E-01  0.384127964052E+01
  0.443819804219E-01  0.382022030638E+01
  0.451420407974E-01  0.379786379906E+01
  0.459150933443E-01  0.377421098292E+01
  0.467013601456E-01  0.374926422694E+01
  0.475010670805E-01  0.372302744392E+01
  0.483144438894E-01  0.369550612791E+01
  0.491417242397E-01  0.366670738939E+01
  0.499831457931E-01  0.363663998813E+01
  0.508389502735E-01  0.360531436356E+01
  0.517093835372E-01  0.357274266240E+01
  0.525946956428E-01  0.353893876333E+01
  0.534951409232E-01  0.350391829860E+01
  0.544109780591E-01  0.346769867221E+01
  0.553424701526E-01  0.343029907467E+01
  0.562898848035E-01  0.339174049394E+01
  0.572534941855E-01  0.335204572248E+01
  0.582335751252E-01  0.331123936012E+01
  0.592304091807E-01  0.326934781267E+01
  0.602442827232E-01  0.322639928589E+01
  0.612754870189E-01  0.318242377479E+01
  0.623243183129E-01  0.313745304805E+01
  0.633910779141E-01  0.309152062714E+01
  0.644760722819E-01  0.304466176042E+01
  0.655796131142E-01  0.299691339146E+01
  0.667020174369E-01  0.294831412218E+01
  0.678436076950E-01  0.289890416925E+01
  0.690047118454E-01  0.284872531591E+01
  0.701856634508E-01  0.279782085692E+01
  0.713868017757E-01  0.274623553783E+01
  0.726084718840E-01  0.269401548799E+01
  0.738510247378E-01  0.264120814793E+01
  0.751148172985E-01  0.258786219048E+01
  0.764002126292E-01  0.253402743660E+01
  0.777075799993E-01  0.247975476530E+01
  0.790372949899E-01  0.242509601882E+01
  0.803897396025E-01  0.237010390247E+01
  0.817653023683E-01  0.231483188044E+01
  0.831643784599E-01  0.225933406698E+01
  0.845873698046E-01  0.220366511439E+01
  0.860346852004E-01  0.214788009727E+01
  0.875067404331E-01  0.209203439426E+01
  0.890039583955E-01  0.203618356693E+01
  0.905267692094E-01  0.198038323698E+01
  0.920756103490E-01  0.192468896126E+01
  0.936509267662E-01  0.186915610585E+01
  0.952531710191E-01  0.181383971859E+01
  0.968828034013E-01  0.175879440133E+01
  0.985402920748E-01  0.170407418123E+01
  0.100226113204E+00  0.164973238234E+01
  0.101940751093E+00  0.159582149694E+01
  0.103684698323E+00  0.154239305776E+01
  0.105458455897E+00  0.148949751068E+01
  0.107262533382E+00  0.143718408916E+01
  0.109097449053E+00  0.138550069010E+01
  0.110963730047E+00  0.133449375230E+01
  0.112861912510E+00  0.128420813768E+01
  0.114792541753E+00  0.123468701612E+01
  0.116756172409E+00  0.118597175431E+01
  0.118753368590E+00  0.113810180960E+01
  0.120784704053E+00  0.109111462905E+01
  0.122850762360E+00  0.104504555467E+01
  0.124952137051E+00  0.999927735151E+00
  0.127089431809E+00  0.955792044871E+00
  0.129263260638E+00  0.912667010551E+00
  0.131474248037E+00  0.870578746034E+00
  0.133723029181E+00  0.829550895802E+00
  0.136010250099E+00  0.789604587319E+00
  0.138336567867E+00  0.750758392947E+00
  0.140702650791E+00  0.713028301248E+00
  0.143109178600E+00  0.676427698462E+00
  0.145556842643E+00  0.640967359735E+00
  0.148046346087E+00  0.606655450892E+00
  0.150578404119E+00  0.573497540082E+00
  0.153153744148E+00  0.541496620091E+00
  0.155773106021E+00  0.510653140400E+00
  0.158437242230E+00  0.480965049748E+00
  0.161146918129E+00  0.452427848083E+00
  0.163902912156E+00  0.425034648561E+00
  0.166706016054E+00  0.398776248322E+00
  0.169557035102E+00  0.373641208591E+00
  0.172456788341E+00  0.349615942705E+00
  0.175406108815E+00  0.326684812478E+00
  0.178405843806E+00  0.304830231423E+00
  0.181456855081E+00  0.284032775105E+00
  0.184560019135E+00  0.264271297077E+00
  0.187716227448E+00  0.245523050548E+00
  0.190926386737E+00  0.227763814229E+00
  0.194191419219E+00  0.210968022334E+00
  0.197512262875E+00  0.195108897257E+00
  0.200889871719E+00  0.180158584741E+00
  0.204325216071E+00  0.166088290145E+00
  0.207819282841E+00  0.152868415513E+00
  0.211373075806E+00  0.140468696144E+00
  0.214987615902E+00  0.128858336300E+00
  0.218663941517E+00  0.118006142867E+00
  0.222403108787E+00  0.107880656558E+00
  0.226206191903E+00  0.984502796231E-01
  0.230074283418E+00  0.896833996393E-01
  0.234008494558E+00  0.815485085077E-01
  0.238009955548E+00  0.740143162396E-01
  0.242079815928E+00  0.670498588501E-01
  0.246219244892E+00  0.606245999651E-01
  0.250429431617E+00  0.547085256561E-01
  0.254711585608E+00  0.492722321659E-01
  0.259066937045E+00  0.442870062271E-01
  0.263496737137E+00  0.397248977183E-01
  0.268002258479E+00  0.355587845377E-01
  0.272584795420E+00  0.317624295370E-01
  0.277245664435E+00  0.283105295590E-01
  0.281986204501E+00  0.251787565309E-01
  0.286807777484E+00  0.223437908035E-01
  0.291711768527E+00  0.197833468003E-01
  0.296699586454E+00  0.174761912965E-01
  0.301772664166E+00  0.154021545014E-01
  0.306932459063E+00  0.135421343736E-01
  0.312180453451E+00  0.118780944459E-01
  0.317518154980E+00  0.103930556739E-01
  0.322947097067E+00  0.907108267256E-02
  0.328468839343E+00  0.789726491130E-02
  0.334084968096E+00  0.685769328987E-02
  0.339797096732E+00  0.593943268383E-02
  0.345606866236E+00  0.513049090710E-02
  0.351515945641E+00  0.441978465850E-02
  0.357526032511E+00  0.379710289112E-02
  0.363638853429E+00  0.325306812317E-02
  0.369856164490E+00  0.277909609819E-02
  0.376179751806E+00  0.236735425478E-02
  0.382611432021E+00  0.201071937827E-02
  0.389153052834E+00  0.170273484409E-02
  0.395806493526E+00  0.143756780000E-02
  0.402573665500E+00  0.120996665820E-02
  0.409456512835E+00  0.101521921759E-02
  0.416457012839E+00  0.849111734759E-03
  0.423577176621E+00  0.707889207638E-03
  0.430819049665E+00  0.588217109099E-03
  0.438184712423E+00  0.487144752567E-03
  0.445676280905E+00  0.402070437331E-03
  0.453295907296E+00  0.330708476547E-03
  0.461045780565E+00  0.271058180230E-03
  0.468928127103E+00  0.221374833236E-03
  0.476945211353E+00  0.180142682838E-03
  0.485099336470E+00  0.146049927184E-03
  0.493392844977E+00  0.117965675001E-03
  0.501828119436E+00  0.949188300420E-04
  0.510407583140E+00  0.760788372901E-04
  0.519133700802E+00  0.607382164320E-04
  0.528008979268E+00  0.482967963185E-04
  0.537035968232E+00  0.382475573842E-04
  0.546217260975E+00  0.301639818823E-04
  0.555555495103E+00  0.236888091643E-04
  0.565053353311E+00  0.185240903457E-04
  0.574713564150E+00  0.144224374520E-04
  0.584538902812E+00  0.111793627262E-04
  0.594532191925E+00  0.862660709060E-05
  0.604696302369E+00  0.662635993338E-05
  0.615034154096E+00  0.506627743695E-05
  0.625548716971E+00  0.385521155333E-05
  0.636243011624E+00  0.291956776355E-05
  0.647120110318E+00  0.220021556176E-05
  0.658183137835E+00  0.164988198896E-05
  0.669435272367E+00  0.123096461246E-05
  0.680879746436E+00  0.913706586232E-06
  0.692519847816E+00  0.674682281112E-06
  0.704358920485E+00  0.495547713064E-06
  0.716400365578E+00  0.362015314055E-06
  0.728647642370E+00  0.263017614328E-06
  0.741104269266E+00  0.190028965681E-06
  0.753773824814E+00  0.136518738825E-06
  0.766659948732E+00  0.975130928609E-07
  0.779766342955E+00  0.692457294929E-07
  0.793096772696E+00  0.488818484137E-07
  0.806655067529E+00  0.343005745561E-07
  0.820445122490E+00  0.239237768933E-07
  0.834470899195E+00  0.165875435639E-07
  0.848736426978E+00  0.114371633442E-07
  0.863245804049E+00  0.784101318132E-08
  0.878003198672E+00  0.536164771626E-08
  0.893012850361E+00  0.366711840226E-08
  0.908279071097E+00  0.244097832697E-08
  0.923806246571E+00  0.161372728279E-08
  0.939598837440E+00  0.105943002330E-08
  0.955661380610E+00  0.690618346821E-09
  0.971998490537E+00  0.000000000000E+00
  0.988614860559E+00  0.000000000000E+00
  0.100551526424E+01  0.000000000000E+00
  0.102270455673E+01  0.000000000000E+00
  0.104018767619E+01  0.000000000000E+00
  0.105796964517E+01  0.000000000000E+00
  0.107605557210E+01  0.000000000000E+00
  0.109445065271E+01  0.000000000000E+00
  0.111316017154E+01  0.000000000000E+00
  0.113218950349E+01  0.000000000000E+00
  0.115154411532E+01  0.000000000000E+00
  0.117122956722E+01  0.000000000000E+00
  0.119125151445E+01  0.000000000000E+00
  0.121161570892E+01  0.000000000000E+00
  0.123232800088E+01  0.000000000000E+00
  0.125339434056E+01  0.000000000000E+00
  0.127482077992E+01  0.000000000000E+00
  0.129661347435E+01  0.000000000000E+00
  0.131877868449E+01  0.000000000000E+00
  0.134132277795E+01  0.000000000000E+00
  0.136425223123E+01  0.000000000000E+00
  0.138757363152E+01  0.000000000000E+00
  0.141129367859E+01  0.000000000000E+00
  0.143541918677E+01  0.000000000000E+00
  0.145995708683E+01  0.000000000000E+00
  0.148491442806E+01  0.000000000000E+00
  0.151029838020E+01  0.000000000000E+00
  0.153611623558E+01  0.000000000000E+00
  0.156237541116E+01  0.000000000000E+00
  0.158908345070E+01  0.000000000000E+00
  0.161624802691E+01  0.000000000000E+00
  0.164387694363E+01  0.000000000000E+00
  0.167197813812E+01  0.000000000000E+00
  0.170055968332E+01  0.000000000000E+00
  0.172962979014E+01  0.000000000000E+00
  0.175919680987E+01  0.000000000000E+00
  0.178926923654E+01  0.000000000000E+00
  0.181985570937E+01  0.000000000000E+00
  0.185096501526E+01  0.000000000000E+00
  0.188260609133E+01  0.000000000000E+00
  0.191478802743E+01  0.000000000000E+00
  0.194752006881E+01  0.000000000000E+00
  0.198081161876E+01  0.000000000000E+00
  0.201467224130E+01  0.000000000000E+00
  0.204911166392E+01  0.000000000000E+00
  0.208413978041E+01  0.000000000000E+00
  0.211976665366E+01  0.000000000000E+00
  0.215600251859E+01  0.000000000000E+00
  0.219285778506E+01  0.000000000000E+00
  0.223034304087E+01  0.000000000000E+00
  0.226846905482E+01  0.000000000000E+00
  0.230724677977E+01  0.000000000000E+00
  0.234668735580E+01  0.000000000000E+00
  0.238680211344E+01  0.000000000000E+00
  0.242760257688E+01  0.000000000000E+00
  0.246910046729E+01  0.000000000000E+00
  0.251130770623E+01  0.000000000000E+00
  0.255423641902E+01  0.000000000000E+00
  0.259789893823E+01  0.000000000000E+00
  0.264230780728E+01  0.000000000000E+00
  0.268747578396E+01  0.000000000000E+00
  0.273341584417E+01  0.000000000000E+00
  0.278014118560E+01  0.000000000000E+00
  0.282766523152E+01  0.000000000000E+00
  0.287600163469E+01  0.000000000000E+00
  0.292516428121E+01  0.000000000000E+00
  0.297516729455E+01  0.000000000000E+00
  0.302602503963E+01  0.000000000000E+00
  0.307775212688E+01  0.000000000000E+00
  0.313036341650E+01  0.000000000000E+00
  0.318387402269E+01  0.000000000000E+00
  0.323829931801E+01  0.000000000000E+00
  0.329365493779E+01  0.000000000000E+00
  0.334995678465E+01  0.000000000000E+00
  0.340722103300E+01  0.000000000000E+00
  0.346546413375E+01  0.000000000000E+00
  0.352470281903E+01  0.000000000000E+00
  0.358495410696E+01  0.000000000000E+00
  0.364623530657E+01  0.000000000000E+00
  0.370856402276E+01  0.000000000000E+00
  0.377195816136E+01  0.000000000000E+00
  0.383643593430E+01  0.000000000000E+00
  0.390201586477E+01  0.000000000000E+00
  0.396871679263E+01  0.000000000000E+00
  0.403655787977E+01  0.000000000000E+00
  0.410555861561E+01  0.000000000000E+00
  0.417573882273E+01  0.000000000000E+00
  0.424711866255E+01  0.000000000000E+00
  0.431971864111E+01  0.000000000000E+00
  0.439355961498E+01  0.000000000000E+00
  0.446866279725E+01  0.000000000000E+00
  0.454504976360E+01  0.000000000000E+00
  0.462274245854E+01  0.000000000000E+00
  0.470176320166E+01  0.000000000000E+00
  0.478213469411E+01  0.000000000000E+00
  0.486388002505E+01  0.000000000000E+00
  0.494702267835E+01  0.000000000000E+00
  0.503158653926E+01  0.000000000000E+00
  0.511759590136E+01  0.000000000000E+00
  0.520507547347E+01  0.000000000000E+00
  0.529405038677E+01  0.000000000000E+00
  0.538454620205E+01  0.000000000000E+00
  0.547658891699E+01  0.000000000000E+00
  0.557020497368E+01  0.000000000000E+00
  0.566542126621E+01  0.000000000000E+00
  0.576226514838E+01  0.000000000000E+00
  0.586076444156E+01  0.000000000000E+00
  0.596094744268E+01  0.000000000000E+00
  0.606284293240E+01  0.000000000000E+00
  0.616648018330E+01  0.000000000000E+00
  0.627188896837E+01  0.000000000000E+00
  0.637909956951E+01  0.000000000000E+00
  0.648814278625E+01  0.000000000000E+00
  0.659904994461E+01  0.000000000000E+00
  0.671185290605E+01  0.000000000000E+00
  0.682658407668E+01  0.000000000000E+00
  0.694327641656E+01  0.000000000000E+00
  0.706196344913E+01  0.000000000000E+00
  0.718267927088E+01  0.000000000000E+00
  0.730545856113E+01  0.000000000000E+00
  0.743033659200E+01  0.000000000000E+00
  0.755734923852E+01  0.000000000000E+00
  0.768653298897E+01  0.000000000000E+00
  0.781792495535E+01  0.000000000000E+00
  0.795156288402E+01  0.000000000000E+00
  0.808748516657E+01  0.000000000000E+00
  0.822573085085E+01  0.000000000000E+00
  0.836633965217E+01  0.000000000000E+00
  0.850935196470E+01  0.000000000000E+00
  0.865480887313E+01  0.000000000000E+00
  0.880275216441E+01  0.000000000000E+00
  0.895322433978E+01  0.000000000000E+00
  0.910626862699E+01  0.000000000000E+00
  0.926192899270E+01  0.000000000000E+00
  0.942025015511E+01  0.000000000000E+00
  0.958127759685E+01  0.000000000000E+00
  0.974505757796E+01  0.000000000000E+00
  0.991163714929E+01  0.000000000000E+00
  0.100810641659E+02  0.000000000000E+00
  0.102533873009E+02  0.000000000000E+00
  0.104286560594E+02  0.000000000000E+00
  0.106069207927E+02  0.000000000000E+00
  0.107882327129E+02  0.000000000000E+00
  0.109726439073E+02  0.000000000000E+00
  0.111602073536E+02  0.000000000000E+00
  0.113509769354E+02  0.000000000000E+00
  0.115450074569E+02  0.000000000000E+00
  0.117423546593E+02  0.000000000000E+00
  0.119430752368E+02  0.000000000000E+00
  0.121472268524E+02  0.000000000000E+00
  0.123548681550E+02  0.000000000000E+00
  0.125660587958E+02  0.000000000000E+00
  0.127808594460E+02  0.000000000000E+00
  0.129993318134E+02  0.000000000000E+00
  0.132215386611E+02  0.000000000000E+00
  0.134475438247E+02  0.000000000000E+00
  0.136774122312E+02  0.000000000000E+00
  0.139112099172E+02  0.000000000000E+00
  0.141490040484E+02  0.000000000000E+00
  0.143908629385E+02  0.000000000000E+00
  0.146368560687E+02  0.000000000000E+00
  0.148870541081E+02  0.000000000000E+00
  0.151415289339E+02  0.000000000000E+00
  0.154003536517E+02  0.000000000000E+00
  0.156636026168E+02  0.000000000000E+00
  0.159313514555E+02  0.000000000000E+00
  0.162036770870E+02  0.000000000000E+00
  0.164806577451E+02  0.000000000000E+00
  0.167623730010E+02  0.000000000000E+00
  0.170489037860E+02  0.000000000000E+00
  0.173403324149E+02  0.000000000000E+00
  0.176367426095E+02  0.000000000000E+00
  0.179382195227E+02  0.000000000000E+00
  0.182448497630E+02  0.000000000000E+00
  0.185567214193E+02  0.000000000000E+00
  0.188739240863E+02  0.000000000000E+00
  0.191965488902E+02  0.000000000000E+00
  0.195246885148E+02  0.000000000000E+00
  0.198584372284E+02  0.000000000000E+00
  0.201978909105E+02  0.000000000000E+00
  0.205431470795E+02  0.000000000000E+00
  0.208943049209E+02  0.000000000000E+00
  0.212514653155E+02  0.000000000000E+00
  0.216147308686E+02  0.000000000000E+00
  0.219842059394E+02  0.000000000000E+00
  0.223599966708E+02  0.000000000000E+00
  0.227422110204E+02  0.000000000000E+00
  0.231309587908E+02  0.000000000000E+00
  0.235263516618E+02  0.000000000000E+00
  0.239285032221E+02  0.000000000000E+00
  0.243375290021E+02  0.000000000000E+00
  0.247535465070E+02  0.000000000000E+00
  0.251766752505E+02  0.000000000000E+00
  0.256070367893E+02  0.000000000000E+00
  0.260447547581E+02  0.000000000000E+00
  0.264899549046E+02  0.000000000000E+00
  0.269427651263E+02  0.000000000000E+00
  0.274033155069E+02  0.000000000000E+00
  0.278717383534E+02  0.000000000000E+00
  0.283481682347E+02  0.000000000000E+00
  0.288327420199E+02  0.000000000000E+00
  0.293255989178E+02  0.000000000000E+00
  0.298268805164E+02  0.000000000000E+00
  0.303367308244E+02  0.000000000000E+00
  0.308552963119E+02  0.000000000000E+00
  0.313827259526E+02  0.000000000000E+00
  0.319191712670E+02  0.000000000000E+00
  0.324647863653E+02  0.000000000000E+00
  0.330197279923E+02  0.000000000000E+00
  0.335841555719E+02  0.000000000000E+00
  0.341582312533E+02  0.000000000000E+00
  0.347421199572E+02  0.000000000000E+00
  0.353359894237E+02  0.000000000000E+00
  0.359400102598E+02  0.000000000000E+00
  0.365543559892E+02  0.000000000000E+00
  0.371792031015E+02  0.000000000000E+00
  0.378147311030E+02  0.000000000000E+00
  0.384611225688E+02  0.000000000000E+00
  0.391185631947E+02  0.000000000000E+00
  0.397872418504E+02  0.000000000000E+00
  0.404673506346E+02  0.000000000000E+00
  0.411590849293E+02  0.000000000000E+00
  0.418626434563E+02  0.000000000000E+00
  0.425782283345E+02  0.000000000000E+00
  0.433060451375E+02  0.000000000000E+00
  0.440463029530E+02  0.000000000000E+00
  0.447992144427E+02  0.000000000000E+00
  0.455649959036E+02  0.000000000000E+00
  0.463438673298E+02  0.000000000000E+00
  0.471360524760E+02  0.000000000000E+00
  0.479417789217E+02  0.000000000000E+00
  0.487612781366E+02  0.000000000000E+00
  0.495947855468E+02  0.000000000000E+00
  0.504425406029E+02  0.000000000000E+00
  0.513047868486E+02  0.000000000000E+00
  0.521817719904E+02  0.000000000000E+00
  0.530737479694E+02  0.000000000000E+00
  0.539809710328E+02  0.000000000000E+00
  0.549037018084E+02  0.000000000000E+00
  0.558422053789E+02  0.000000000000E+00
  0.567967513580E+02  0.000000000000E+00
  0.577676139685E+02  0.000000000000E+00
  0.587550721204E+02  0.000000000000E+00
  0.597594094913E+02  0.000000000000E+00
  0.607809146079E+02  0.000000000000E+00
  0.618198809288E+02  0.000000000000E+00
  0.628766069290E+02  0.000000000000E+00
  0.639513961853E+02  0.000000000000E+00
  0.650445574641E+02  0.000000000000E+00
  0.661564048092E+02  0.000000000000E+00
  0.672872576330E+02  0.000000000000E+00
  0.684374408076E+02  0.000000000000E+00
  0.696072847583E+02  0.000000000000E+00
  0.707971255588E+02  0.000000000000E+00
  0.720073050271E+02  0.000000000000E+00
  0.732381708245E+02  0.000000000000E+00
  0.744900765550E+02  0.000000000000E+00
  0.757633818667E+02  0.000000000000E+00
  0.770584525556E+02  0.000000000000E+00
  0.783756606706E+02  0.000000000000E+00
  0.797153846200E+02  0.000000000000E+00
  0.810780092806E+02  0.000000000000E+00
  0.824639261080E+02  0.000000000000E+00
  0.838735332494E+02  0.000000000000E+00
  0.853072356576E+02  0.000000000000E+00
  0.867654452076E+02  0.000000000000E+00
  0.882485808148E+02  0.000000000000E+00
  0.897570685553E+02  0.000000000000E+00
  0.912913417884E+02  0.000000000000E+00
  0.928518412812E+02  0.000000000000E+00
  0.944390153350E+02  0.000000000000E+00
  0.960533199141E+02  0.000000000000E+00
  0.976952187771E+02  0.000000000000E+00
  0.993651836097E+02  0.000000000000E+00
  0.101063694160E+03  0.000000000000E+00
  0.102791238379E+03  0.000000000000E+00
  0.104548312554E+03  0.000000000000E+00
  0.106335421461E+03  0.000000000000E+00
  0.108153078500E+03  0.000000000000E+00
  0.110001805849E+03  0.000000000000E+00
  0.111882134612E+03  0.000000000000E+00
  0.113794604972E+03  0.000000000000E+00
  0.115739766343E+03  0.000000000000E+00
  0.117718177533E+03  0.000000000000E+00
  0.119730406901E+03  0.000000000000E+00
  0.121777032522E+03  0.000000000000E+00
  0.123858642352E+03  0.000000000000E+00
  0.125975834396E+03  0.000000000000E+00
  0.128129216884E+03  0.000000000000E+00
  0.130319408440E+03  0.000000000000E+00
  0.132547038264E+03  0.000000000000E+00
  0.134812746311E+03  0.000000000000E+00
  0.137117183475E+03  0.000000000000E+00
  0.139461011777E+03  0.000000000000E+00
  0.141844904552E+03  0.000000000000E+00
  0.144269546647E+03  0.000000000000E+00
  0.146735634614E+03  0.000000000000E+00
  0.149243876914E+03  0.000000000000E+00
  0.151794994116E+03  0.000000000000E+00
  0.154389719105E+03  0.000000000000E+00
  0.157028797297E+03  0.000000000000E+00
  0.159712986848E+03  0.000000000000E+00
  0.162443058873E+03  0.000000000000E+00
  0.165219797669E+03  0.000000000000E+00
  0.168044000939E+03  0.000000000000E+00
  0.170916480023E+03  0.000000000000E+00
  0.173838060128E+03  0.000000000000E+00
  0.176809580568E+03  0.000000000000E+00
  0.179831895002E+03  0.000000000000E+00
  0.182905871684E+03  0.000000000000E+00
  0.186032393707E+03  0.000000000000E+00
  0.189212359260E+03  0.000000000000E+00
  0.192446681887E+03  0.000000000000E+00
  0.195736290745E+03  0.000000000000E+00
  0.199082130875E+03  0.000000000000E+00
  0.202485163473E+03  0.000000000000E+00
