           2
         541           0
  0.000000000000E+00  0.000000000000E+00
  0.510846319546E-05 -0.412344055903E-05
  0.103027809112E-04 -0.831618101843E-05
  0.155843960465E-04 -0.125793860509E-04
  0.209547757508E-04 -0.169142399028E-04
  0.264154118307E-04 -0.213219467227E-04
  0.319678211647E-04 -0.258037308962E-04
  0.376135461243E-04 -0.303608373860E-04
  0.433541550030E-04 -0.349945320774E-04
  0.491912424510E-04 -0.397061021302E-04
  0.551264299192E-04 -0.444968563361E-04
  0.611613661089E-04 -0.493681254823E-04
  0.672977274301E-04 -0.543212627210E-04
  0.735372184670E-04 -0.593576439453E-04
  0.798815724517E-04 -0.644786681713E-04
  0.863325517456E-04 -0.696857579267E-04
  0.928919483287E-04 -0.749803596463E-04
  0.995615842980E-04 -0.803639440728E-04
  0.106343312373E-03 -0.858380066662E-04
  0.113239016411E-03 -0.914040680188E-04
  0.120250611928E-03 -0.970636742775E-04
  0.127380046637E-03 -0.102818397573E-03
  0.134629300981E-03 -0.108669836457E-03
  0.142000388688E-03 -0.114619616346E-03
  0.149495357331E-03 -0.120669389973E-03
  0.157116288893E-03 -0.126820837844E-03
  0.164865300349E-03 -0.133075668710E-03
  0.172744544251E-03 -0.139435620035E-03
  0.180756209330E-03 -0.145902458485E-03
  0.188902521099E-03 -0.152477980414E-03
  0.197185742474E-03 -0.159164012364E-03
  0.205608174405E-03 -0.165962411574E-03
  0.214172156510E-03 -0.172875066494E-03
  0.222880067727E-03 -0.179903897310E-03
  0.231734326977E-03 -0.187050856477E-03
  0.240737393834E-03 -0.194317929261E-03
  0.249891769206E-03 -0.201707134291E-03
  0.259199996036E-03 -0.209220524120E-03
  0.268664660001E-03 -0.216860185794E-03
  0.278288390236E-03 -0.224628241431E-03
  0.288073860060E-03 -0.232526848812E-03
  0.298023787723E-03 -0.240558201978E-03
  0.308140937158E-03 -0.248724531843E-03
  0.318428118749E-03 -0.257028106808E-03
  0.328888190112E-03 -0.265471233397E-03
  0.339524056891E-03 -0.274056256891E-03
  0.350338673561E-03 -0.282785561985E-03
  0.361335044251E-03 -0.291661573448E-03
  0.372516223580E-03 -0.300686756794E-03
  0.383885317504E-03 -0.309863618969E-03
  0.395445484175E-03 -0.319194709048E-03
  0.407199934828E-03 -0.328682618939E-03
  0.419151934661E-03 -0.338329984108E-03
  0.431304803753E-03 -0.348139484304E-03
  0.443661917977E-03 -0.358113844309E-03
  0.456226709946E-03 -0.368255834690E-03
  0.469002669960E-03 -0.378568272573E-03
  0.481993346979E-03 -0.389054022421E-03
  0.495202349607E-03 -0.399715996827E-03
  0.508633347098E-03 -0.410557157332E-03
  0.522290070371E-03 -0.421580515236E-03
  0.536176313046E-03 -0.432789132441E-03
  0.550295932504E-03 -0.444186122298E-03
  0.564652850951E-03 -0.455774650473E-03
  0.579251056513E-03 -0.467557935824E-03
  0.594094604341E-03 -0.479539251294E-03
  0.609187617738E-03 -0.491721924822E-03
  0.624534289304E-03 -0.504109340263E-03
  0.640138882103E-03 -0.516704938331E-03
  0.656005730845E-03 -0.529512217551E-03
  0.672139243088E-03 -0.542534735231E-03
  0.688543900468E-03 -0.555776108448E-03
  0.705224259940E-03 -0.569240015053E-03
  0.722184955045E-03 -0.582930194692E-03
  0.739430697195E-03 -0.596850449841E-03
  0.756966276985E-03 -0.611004646864E-03
  0.774796565523E-03 -0.625396717084E-03
  0.792926515781E-03 -0.640030657873E-03
  0.811361163972E-03 -0.654910533763E-03
  0.830105630952E-03 -0.670040477573E-03
  0.849165123637E-03 -0.685424691552E-03
  0.868544936453E-03 -0.701067448551E-03
  0.888250452805E-03 -0.716973093200E-03
  0.908287146576E-03 -0.733146043123E-03
  0.928660583643E-03 -0.749590790152E-03
  0.949376423424E-03 -0.766311901582E-03
  0.970440420452E-03 -0.783314021432E-03
  0.991858425974E-03 -0.800601871734E-03
  0.101363638957E-02 -0.818180253844E-03
  0.103578036082E-02 -0.836054049769E-03
  0.105829649097E-02 -0.854228223525E-03
  0.108119103464E-02 -0.872707822511E-03
  0.110447035157E-02 -0.891497978908E-03
  0.112814090840E-02 -0.910603911100E-03
  0.115220928042E-02 -0.930030925124E-03
  0.117668215346E-02 -0.949784416135E-03
  0.120156632569E-02 -0.969869869907E-03
  0.122686870953E-02 -0.990292864348E-03
  0.125259633360E-02 -0.101105907105E-02
  0.127875634462E-02 -0.103217425685E-02
  0.130535600943E-02 -0.105364428544E-02
  0.133240271699E-02 -0.107547511899E-02
  0.135990398045E-02 -0.109767281978E-02
  0.138786743924E-02 -0.112024355192E-02
  0.141630086115E-02 -0.114319358299E-02
  0.144521214454E-02 -0.116652928586E-02
  0.147460932052E-02 -0.119025714037E-02
  0.150450055514E-02 -0.121438373519E-02
  0.153489415174E-02 -0.123891576959E-02
  0.156579855315E-02 -0.126386005536E-02
  0.159722234415E-02 -0.128922351860E-02
  0.162917425376E-02 -0.131501320173E-02
  0.166166315772E-02 -0.134123626539E-02
  0.169469808094E-02 -0.136789999042E-02
  0.172828819999E-02 -0.139501177988E-02
  0.176244284567E-02 -0.142257916110E-02
  0.179717150562E-02 -0.145060978776E-02
  0.183248382690E-02 -0.147911144201E-02
  0.186838961872E-02 -0.150809203659E-02
  0.190489885514E-02 -0.153755961706E-02
  0.194202167784E-02 -0.156752236400E-02
  0.197976839897E-02 -0.159798859526E-02
  0.201814950397E-02 -0.162896676827E-02
  0.205717565450E-02 -0.166046548237E-02
  0.209685769141E-02 -0.169249348120E-02
  0.213720663774E-02 -0.172505965506E-02
  0.217823370179E-02 -0.175817304345E-02
  0.221995028024E-02 -0.179184283746E-02
  0.226236796128E-02 -0.182607838238E-02
  0.230549852789E-02 -0.186088918027E-02
  0.234935396105E-02 -0.189628489252E-02
  0.239394644311E-02 -0.193227534257E-02
  0.243928836116E-02 -0.196887051861E-02
  0.248539231046E-02 -0.200608057629E-02
  0.253227109796E-02 -0.204391584155E-02
  0.257993774586E-02 -0.208238681347E-02
  0.262840549518E-02 -0.212150416712E-02
  0.267768780952E-02 -0.216127875652E-02
  0.272779837871E-02 -0.220172161762E-02
  0.277875112269E-02 -0.224284397132E-02
  0.283056019531E-02 -0.228465722658E-02
  0.288323998833E-02 -0.232717298352E-02
  0.293680513535E-02 -0.237040303663E-02
  0.299127051593E-02 -0.241435937797E-02
  0.304665125969E-02 -0.245905420051E-02
  0.310296275053E-02 -0.250449990143E-02
  0.316022063089E-02 -0.255070908552E-02
  0.321844080610E-02 -0.259769456864E-02
  0.327763944881E-02 -0.264546938125E-02
  0.333783300347E-02 -0.269404677193E-02
  0.339903819090E-02 -0.274344021103E-02
  0.346127201292E-02 -0.279366339433E-02
  0.352455175712E-02 -0.284473024681E-02
  0.358889500161E-02 -0.289665492643E-02
  0.365431961993E-02 -0.294945182800E-02
  0.372084378599E-02 -0.300313558708E-02
  0.378848597917E-02 -0.305772108400E-02
  0.385726498940E-02 -0.311322344789E-02
  0.392719992239E-02 -0.316965806080E-02
  0.399831020498E-02 -0.322704056189E-02
  0.407061559046E-02 -0.328538685165E-02
  0.414413616415E-02 -0.334471309625E-02
  0.421889234888E-02 -0.340503573190E-02
  0.429490491076E-02 -0.346637146932E-02
  0.437219496486E-02 -0.352873729824E-02
  0.445078398115E-02 -0.359215049203E-02
  0.453069379041E-02 -0.365662861231E-02
  0.461194659032E-02 -0.372218951378E-02
  0.469456495164E-02 -0.378885134893E-02
  0.477857182443E-02 -0.385663257303E-02
  0.486399054448E-02 -0.392555194901E-02
  0.495084483977E-02 -0.399562855256E-02
  0.503915883703E-02 -0.406688177724E-02
  0.512895706851E-02 -0.413933133967E-02
  0.522026447874E-02 -0.421299728481E-02
  0.531310643146E-02 -0.428789999135E-02
  0.540750871672E-02 -0.436406017711E-02
  0.550349755798E-02 -0.444149890460E-02
  0.560109961941E-02 -0.452023758663E-02
  0.570034201334E-02 -0.460029799200E-02
  0.580125230773E-02 -0.468170225125E-02
  0.590385853386E-02 -0.476447286261E-02
  0.600818919413E-02 -0.484863269787E-02
  0.611427326994E-02 -0.493420500848E-02
  0.622214022979E-02 -0.502121343165E-02
  0.633182003739E-02 -0.510968199662E-02
  0.644334316008E-02 -0.519963513092E-02
  0.655674057722E-02 -0.529109766684E-02
  0.667204378881E-02 -0.538409484788E-02
  0.678928482427E-02 -0.547865233537E-02
  0.690849625131E-02 -0.557479621517E-02
  0.702971118498E-02 -0.567255300444E-02
  0.715296329687E-02 -0.577194965851E-02
  0.727828682447E-02 -0.587301357790E-02
  0.740571658069E-02 -0.597577261537E-02
  0.753528796348E-02 -0.608025508307E-02
  0.766703696575E-02 -0.618648975986E-02
  0.780100018528E-02 -0.629450589866E-02
  0.793721483493E-02 -0.640433323393E-02
  0.807571875299E-02 -0.651600198921E-02
  0.821655041365E-02 -0.662954288485E-02
  0.835974893773E-02 -0.674498714572E-02
  0.850535410352E-02 -0.686236650915E-02
  0.865340635783E-02 -0.698171323284E-02
  0.880394682725E-02 -0.710306010298E-02
  0.895701732952E-02 -0.722644044242E-02
  0.911266038523E-02 -0.735188811894E-02
  0.927091922956E-02 -0.747943755363E-02
  0.943183782431E-02 -0.760912372939E-02
  0.959546087013E-02 -0.774098219949E-02
  0.976183381892E-02 -0.787504909625E-02
  0.993100288645E-02 -0.801136113985E-02
  0.101030150652E-01 -0.814995564718E-02
  0.102779181375E-01 -0.829087054083E-02
  0.104557606886E-01 -0.843414435818E-02
  0.106365921204E-01 -0.857981626052E-02
  0.108204626649E-01 -0.872792604238E-02
  0.110074233986E-01 -0.887851414084E-02
  0.111975262561E-01 -0.903162164500E-02
  0.113908240451E-01 -0.918729030550E-02
  0.115873704606E-01 -0.934556254419E-02
  0.117872201000E-01 -0.950648146378E-02
  0.119904284786E-01 -0.967009085767E-02
  0.121970520442E-01 -0.983643521983E-02
  0.124071481938E-01 -0.100055597547E-01
  0.126207752887E-01 -0.101775103873E-01
  0.128379926712E-01 -0.103523337733E-01
  0.130588606807E-01 -0.105300773090E-01
  0.132834406709E-01 -0.107107891419E-01
  0.135117950267E-01 -0.108945181806E-01
  0.137439871812E-01 -0.110813141055E-01
  0.139800816338E-01 -0.112712273789E-01
  0.142201439678E-01 -0.114643092554E-01
  0.144642408686E-01 -0.116606117927E-01
  0.147124401427E-01 -0.118601878616E-01
  0.149648107357E-01 -0.120630911571E-01
  0.152214227523E-01 -0.122693762082E-01
  0.154823474752E-01 -0.124790983891E-01
  0.157476573852E-01 -0.126923139292E-01
  0.160174261812E-01 -0.129090799240E-01
  0.162917288008E-01 -0.131294543455E-01
  0.165706414408E-01 -0.133534960523E-01
  0.168542415787E-01 -0.135812648005E-01
  0.171426079943E-01 -0.138128212540E-01
  0.174358207911E-01 -0.140482269943E-01
  0.177339614191E-01 -0.142875445314E-01
  0.180371126970E-01 -0.145308373134E-01
  0.183453588353E-01 -0.147781697368E-01
  0.186587854602E-01 -0.150296071560E-01
  0.189774796364E-01 -0.152852158937E-01
  0.193015298923E-01 -0.155450632497E-01
  0.196310262438E-01 -0.158092175108E-01
  0.199660602199E-01 -0.160777479598E-01
  0.203067248877E-01 -0.163507248844E-01
  0.206531148784E-01 -0.166282195860E-01
  0.210053264137E-01 -0.169103043884E-01
  0.213634573325E-01 -0.171970526451E-01
  0.217276071178E-01 -0.174885387482E-01
  0.220978769247E-01 -0.177848381350E-01
  0.224743696084E-01 -0.180860272955E-01
  0.228571897524E-01 -0.183921837788E-01
  0.232464436983E-01 -0.187033861995E-01
  0.236422395746E-01 -0.190197142434E-01
  0.240446873271E-01 -0.193412486726E-01
  0.244538987496E-01 -0.196680713298E-01
  0.248699875144E-01 -0.200002651429E-01
  0.252930692045E-01 -0.203379141279E-01
  0.257232613452E-01 -0.206811033918E-01
  0.261606834372E-01 -0.210299191339E-01
  0.266054569893E-01 -0.213844486478E-01
  0.270577055528E-01 -0.217447803207E-01
  0.275175547550E-01 -0.221110036331E-01
  0.279851323348E-01 -0.224832091569E-01
  0.284605681779E-01 -0.228614885530E-01
  0.289439943529E-01 -0.232459345667E-01
  0.294355451479E-01 -0.236366410233E-01
  0.299353571080E-01 -0.240337028212E-01
  0.304435690729E-01 -0.244372159242E-01
  0.309603222161E-01 -0.248472773527E-01
  0.314857600833E-01 -0.252639851724E-01
  0.320200286330E-01 -0.256874384824E-01
  0.325632762763E-01 -0.261177374008E-01
  0.331156539191E-01 -0.265549830486E-01
  0.336773150030E-01 -0.269992775323E-01
  0.342484155487E-01 -0.274507239232E-01
  0.348291141988E-01 -0.279094262360E-01
  0.354195722623E-01 -0.283754894034E-01
  0.360199537590E-01 -0.288490192498E-01
  0.366304254656E-01 -0.293301224612E-01
  0.372511569614E-01 -0.298189065533E-01
  0.378823206757E-01 -0.303154798355E-01
  0.385240919360E-01 -0.308199513730E-01
  0.391766490161E-01 -0.313324309448E-01
  0.398401731861E-01 -0.318530289987E-01
  0.405148487625E-01 -0.323818566021E-01
  0.412008631595E-01 -0.329190253897E-01
  0.418984069412E-01 -0.334646475061E-01
  0.426076738741E-01 -0.340188355450E-01
  0.433288609814E-01 -0.345817024835E-01
  0.440621685975E-01 -0.351533616110E-01
  0.448078004237E-01 -0.357339264540E-01
  0.455659635847E-01 -0.363235106947E-01
  0.463368686863E-01 -0.369222280842E-01
  0.471207298737E-01 -0.375301923500E-01
  0.479177648911E-01 -0.381475170965E-01
  0.487281951425E-01 -0.387743156996E-01
  0.495522457524E-01 -0.394107011935E-01
  0.503901456291E-01 -0.400567861505E-01
  0.512421275279E-01 -0.407126825531E-01
  0.521084281160E-01 -0.413785016577E-01
  0.529892880380E-01 -0.420543538492E-01
  0.538849519829E-01 -0.427403484870E-01
  0.547956687520E-01 -0.434365937413E-01
  0.557216913280E-01 -0.441431964189E-01
  0.566632769453E-01 -0.448602617782E-01
  0.576206871616E-01 -0.455878933338E-01
  0.585941879303E-01 -0.463261926482E-01
  0.595840496746E-01 -0.470752591111E-01
  0.605905473624E-01 -0.478351897065E-01
  0.616139605828E-01 -0.486060787647E-01
  0.626545736240E-01 -0.493880177005E-01
  0.637126755517E-01 -0.501810947356E-01
  0.647885602900E-01 -0.509853946052E-01
  0.658825267027E-01 -0.518009982476E-01
  0.669948786764E-01 -0.526279824753E-01
  0.681259252048E-01 -0.534664196282E-01
  0.692759804748E-01 -0.543163772062E-01
  0.704453639537E-01 -0.551779174817E-01
  0.716344004777E-01 -0.560510970896E-01
  0.728434203424E-01 -0.569359665946E-01
  0.740727593943E-01 -0.578325700345E-01
  0.753227591245E-01 -0.587409444376E-01
  0.765937667631E-01 -0.596611193141E-01
  0.778861353761E-01 -0.605931161184E-01
  0.792002239629E-01 -0.615369476829E-01
  0.805363975567E-01 -0.624926176202E-01
  0.818950273254E-01 -0.634601196933E-01
  0.832764906748E-01 -0.644394371507E-01
  0.846811713537E-01 -0.654305420266E-01
  0.861094595601E-01 -0.664333944025E-01
  0.875617520501E-01 -0.674479416299E-01
  0.890384522474E-01 -0.684741175112E-01
  0.905399703562E-01 -0.695118414365E-01
  0.920667234743E-01 -0.705610174751E-01
  0.936191357098E-01 -0.716215334189E-01
  0.951976382982E-01 -0.726932597750E-01
  0.968026697226E-01 -0.737760487059E-01
  0.984346758355E-01 -0.748697329133E-01
  0.100094109982E+00 -0.759741244645E-01
  0.101781433127E+00 -0.770890135575E-01
  0.103497113983E+00 -0.782141672216E-01
  0.105241629138E+00 -0.793493279512E-01
  0.107015463191E+00 -0.804942122692E-01
  0.108819108885E+00 -0.816485092167E-01
  0.110653067244E+00 -0.828118787647E-01
  0.112517847714E+00 -0.839839501455E-01
  0.114413968300E+00 -0.851643200990E-01
  0.116341955715E+00 -0.863525510299E-01
  0.118302345524E+00 -0.875481690719E-01
  0.120295682291E+00 -0.887506620543E-01
  0.122322519735E+00 -0.899594773668E-01
  0.124383420879E+00 -0.911740197171E-01
  0.126478958208E+00 -0.923936487769E-01
  0.128609713830E+00 -0.936176767111E-01
  0.130776279634E+00 -0.948453655845E-01
  0.132979257460E+00 -0.960759246405E-01
  0.135219259258E+00 -0.973085074463E-01
  0.137496907267E+00 -0.985422088982E-01
  0.139812834181E+00 -0.997760620810E-01
  0.142167683328E+00 -0.101009034975E+00
  0.144562108847E+00 -0.102240027001E+00
  0.146996775873E+00 -0.103467865408E+00
  0.149472360717E+00 -0.104691301470E+00
  0.151989551058E+00 -0.105909006524E+00
  0.154549046132E+00 -0.107119567798E+00
  0.157151556925E+00 -0.108321484057E+00
  0.159797806375E+00 -0.109513161035E+00
  0.162488529567E+00 -0.110692906656E+00
  0.165224473942E+00 -0.111858926034E+00
  0.168006399502E+00 -0.113009316239E+00
  0.170835079022E+00 -0.114142060820E+00
  0.173711298265E+00 -0.115255024076E+00
  0.176635856199E+00 -0.116345945077E+00
  0.179609565219E+00 -0.117412431393E+00
  0.182633251376E+00 -0.118451952564E+00
  0.185707754601E+00 -0.119461833259E+00
  0.188833928944E+00 -0.120439246141E+00
  0.192012642805E+00 -0.121381204418E+00
  0.195244779181E+00 -0.122284554061E+00
  0.198531235910E+00 -0.123145965687E+00
  0.201872925916E+00 -0.123961926100E+00
  0.205270777468E+00 -0.124728729458E+00
  0.208725734436E+00 -0.125442468077E+00
  0.212238756552E+00 -0.126099022843E+00
  0.215810819679E+00 -0.126694053230E+00
  0.219442916078E+00 -0.127222986909E+00
  0.223136054690E+00 -0.127681008932E+00
  0.226891261409E+00 -0.128063050486E+00
  0.230709579374E+00 -0.128363777202E+00
  0.234592069251E+00 -0.128577577004E+00
  0.238539809536E+00 -0.128698547495E+00
  0.242553896849E+00 -0.128720482861E+00
  0.246635446239E+00 -0.128636860291E+00
  0.250785591496E+00 -0.128440825895E+00
  0.255005485466E+00 -0.128125180120E+00
  0.259296300369E+00 -0.127682362647E+00
  0.263659228124E+00 -0.127104436773E+00
  0.268095480684E+00 -0.126383073263E+00
  0.272606290371E+00 -0.125509533671E+00
  0.277192910215E+00 -0.124474653132E+00
  0.281856614308E+00 -0.123268822618E+00
  0.286598698153E+00 -0.121881970659E+00
  0.291420479026E+00 -0.120303544544E+00
  0.296323296341E+00 -0.118522490988E+00
  0.301308512023E+00 -0.116527236297E+00
  0.306377510888E+00 -0.114305666023E+00
  0.311531701022E+00 -0.111845104139E+00
  0.316772514178E+00 -0.109132291750E+00
  0.322101406172E+00 -0.106153365355E+00
  0.327519857285E+00 -0.102893834704E+00
  0.333029372678E+00 -0.993385602749E-01
  0.338631482807E+00 -0.954717304112E-01
  0.344327743849E+00 -0.912768381677E-01
  0.350119738137E+00 -0.867366579189E-01
  0.356009074594E+00 -0.818332217895E-01
  0.361997389185E+00 -0.765477959757E-01
  0.368086345370E+00 -0.708608570376E-01
  0.374277634564E+00 -0.647520682477E-01
  0.380572976610E+00 -0.582002560977E-01
  0.386974120254E+00 -0.511833870702E-01
  0.393482843633E+00 -0.436785447996E-01
  0.400100954768E+00 -0.356619077585E-01
  0.406830292065E+00 -0.271087276183E-01
  0.413672724828E+00 -0.179933084505E-01
  0.420630153776E+00 -0.828898695184E-02
  0.427704511574E+00  0.203188610844E-02
  0.434897763366E+00  0.129979629981E-01
  0.442211907325E+00  0.246389144503E-01
  0.449648975203E+00  0.369854431491E-01
  0.457211032902E+00  0.500692949887E-01
  0.464900181040E+00  0.639232677978E-01
  0.472718555543E+00  0.785812171969E-01
  0.480668328230E+00  0.940780592254E-01
  0.488751707424E+00  0.110449769353E+00
  0.496970938559E+00  0.127733377452E+00
  0.505328304808E+00  0.145966958290E+00
  0.513826127715E+00  0.165189617048E+00
  0.522466767842E+00  0.185441469366E+00
  0.531252625421E+00  0.206763615350E+00
  0.540186141026E+00  0.229198106970E+00
  0.549269796245E+00  0.252787908227E+00
  0.558506114375E+00  0.277576847429E+00
  0.567897661119E+00  0.303609560890E+00
  0.577447045301E+00  0.330931427323E+00
  0.587156919588E+00  0.359588492173E+00
  0.597029981230E+00  0.389627381086E+00
  0.607068972808E+00  0.421095201695E+00
  0.617276682996E+00  0.454039432868E+00
  0.627655947333E+00  0.488507800542E+00
  0.638209649016E+00  0.524548139234E+00
  0.648940719696E+00  0.562208238323E+00
  0.659852140296E+00  0.601535672180E+00
  0.670946941835E+00  0.642577613217E+00
  0.682228206274E+00  0.685380626940E+00
  0.693699067371E+00  0.729990448124E+00
  0.705362711549E+00  0.776451737239E+00
  0.717222378785E+00  0.824807816330E+00
  0.729281363506E+00  0.875100383598E+00
  0.741543015509E+00  0.927369206050E+00
  0.754010740886E+00  0.981651789662E+00
  0.766688002976E+00  0.103798302667E+01
  0.779578323320E+00  0.109639481977E+01
  0.792685282647E+00  0.115691568316E+01
  0.806012521863E+00  0.121957032075E+01
  0.819563743064E+00  0.128437918188E+01
  0.833342710566E+00  0.135135799559E+01
  0.847353251947E+00  0.142051728447E+01
  0.861599259117E+00  0.149186185994E+01
  0.876084689389E+00  0.156539030093E+01
  0.890813566589E+00  0.164109441891E+01
  0.905789982164E+00  0.171895871246E+01
  0.921018096329E+00  0.179895981557E+01
  0.936502139210E+00  0.188106594448E+01
  0.952246412033E+00  0.196523634888E+01
  0.968255288305E+00  0.205142077401E+01
  0.984533215042E+00  0.213955894154E+01
  0.100108471399E+01  0.222958005785E+01
  0.101791438290E+01  0.232140235973E+01
  0.103502689679E+01  0.241493270875E+01
  0.105242700924E+01  0.251006624647E+01
  0.107011955373E+01  0.260668612439E+01
  0.108810944497E+01  0.270466332331E+01
  0.110640168026E+01  0.280385657816E+01
  0.112500134090E+01  0.290411242540E+01
  0.114391359358E+01  0.300526539071E+01
  0.116314369183E+01  0.310713833536E+01
  0.118269697747E+01  0.320954297965E+01
  0.120257888208E+01  0.331228062131E+01
  0.122279492855E+01  0.341514306553E+01
  0.124335073258E+01  0.351791378092E+01
  0.126425200424E+01  0.362036929229E+01
  0.128550454958E+01  0.372228081581E+01
  0.130711427221E+01  0.382341613502E+01
  0.132908717499E+01  0.392354170621E+01
  0.135142936163E+01  0.402242496873E+01
  0.137414703843E+01  0.411983681889E+01
  0.139724651603E+01  0.421555418407E+01
  0.142073421107E+01  0.430936260610E+01
  0.144461664807E+01  0.440105870757E+01
  0.146890046121E+01  0.449045237107E+01
  0.149359239612E+01  0.457736840638E+01
  0.151869931186E+01  0.466164683273E+01
  0.154422818271E+01  0.474314123991E+01
  0.157018610021E+01  0.482170785414E+01
  0.159658027504E+01  0.489720568751E+01
  0.162341803909E+01  0.496949591789E+01
  0.165070684748E+01  0.503844176811E+01
  0.167845428059E+01  0.510390853301E+01
  0.170666804623E+01  0.516576373559E+01
  0.173535598174E+01  0.522387739706E+01
  0.176452605617E+01  0.527812240765E+01
  0.179418637251E+01  0.532837498631E+01
  0.182434516992E+01  0.537451521773E+01
  0.185501082605E+01  0.541642765435E+01
  0.188619185932E+01  0.545400197183E+01
  0.191789693135E+01  0.548713366449E+01
  0.195013484928E+01  0.551572476988E+01
  0.198291456832E+01  0.553968460907E+01
  0.201624519415E+01  0.555893053340E+01
  0.205013598548E+01  0.557338866543E+01
  0.208459635666E+01  0.558299462681E+01
  0.211963588021E+01  0.558769424184E+01
  0.215526428958E+01  0.558744421147E+01
  0.219149148176E+01  0.558221274667E+01
  0.222832752010E+01  0.557198015706E+01
  0.226578263708E+01  0.555673938335E+01
  0.230386723712E+01  0.553649646975E+01
  0.234259189954E+01  0.551127096405E+01
  0.238196738143E+01  0.548109624143E+01
  0.242200462067E+01  0.544601973938E+01
  0.246271473899E+01  0.540610310006E+01
         541           0
  0.000000000000E+00  0.000000000000E+00
  0.510846319546E-05 -0.117089388988E-03
  0.103027809112E-04 -0.236146522211E-03
  0.155843960465E-04 -0.357204366686E-03
  0.209547757508E-04 -0.480296437454E-03
  0.264154118307E-04 -0.605456806808E-03
  0.319678211647E-04 -0.732720113445E-03
  0.376135461243E-04 -0.862121571763E-03
  0.433541550030E-04 -0.993696981321E-03
  0.491912424510E-04 -0.112748273644E-02
  0.551264299192E-04 -0.126351583599E-02
  0.611613661089E-04 -0.140183389327E-02
  0.672977274301E-04 -0.154247514618E-02
  0.735372184670E-04 -0.168547846740E-02
  0.798815724517E-04 -0.183088337487E-02
  0.863325517456E-04 -0.197873004237E-02
  0.928919483287E-04 -0.212905931032E-02
  0.995615842980E-04 -0.228191269671E-02
  0.106343312373E-03 -0.243733240823E-02
  0.113239016411E-03 -0.259536135164E-02
  0.120250611928E-03 -0.275604314521E-02
  0.127380046637E-03 -0.291942213047E-02
  0.134629300981E-03 -0.308554338408E-02
  0.142000388688E-03 -0.325445272992E-02
  0.149495357331E-03 -0.342619675135E-02
  0.157116288893E-03 -0.360082280374E-02
  0.164865300349E-03 -0.377837902714E-02
  0.172744544251E-03 -0.395891435917E-02
  0.180756209330E-03 -0.414247854814E-02
  0.188902521099E-03 -0.432912216639E-02
  0.197185742474E-03 -0.451889662380E-02
  0.205608174405E-03 -0.471185418159E-02
  0.214172156510E-03 -0.490804796631E-02
  0.222880067727E-03 -0.510753198402E-02
  0.231734326977E-03 -0.531036113477E-02
  0.240737393834E-03 -0.551659122731E-02
  0.249891769206E-03 -0.572627899393E-02
  0.259199996036E-03 -0.593948210573E-02
  0.268664660001E-03 -0.615625918793E-02
  0.278288390236E-03 -0.637666983561E-02
  0.288073860060E-03 -0.660077462958E-02
  0.298023787723E-03 -0.682863515255E-02
  0.308140937158E-03 -0.706031400556E-02
  0.318428118749E-03 -0.729587482468E-02
  0.328888190112E-03 -0.753538229797E-02
  0.339524056891E-03 -0.777890218268E-02
  0.350338673561E-03 -0.802650132279E-02
  0.361335044251E-03 -0.827824766678E-02
  0.372516223580E-03 -0.853421028567E-02
  0.383885317504E-03 -0.879445939140E-02
  0.395445484175E-03 -0.905906635544E-02
  0.407199934828E-03 -0.932810372776E-02
  0.419151934661E-03 -0.960164525602E-02
  0.431304803753E-03 -0.987976590511E-02
  0.443661917977E-03 -0.101625418770E-01
  0.456226709946E-03 -0.104500506309E-01
  0.469002669960E-03 -0.107423709036E-01
  0.481993346979E-03 -0.110395827304E-01
  0.495202349607E-03 -0.113417674662E-01
  0.508633347098E-03 -0.116490078068E-01
  0.522290070371E-03 -0.119613878105E-01
  0.536176313046E-03 -0.122789929208E-01
  0.550295932504E-03 -0.126019099881E-01
  0.564652850951E-03 -0.129302272927E-01
  0.579251056513E-03 -0.132640345683E-01
  0.594094604341E-03 -0.136034230249E-01
  0.609187617738E-03 -0.139484853727E-01
  0.624534289304E-03 -0.142993158467E-01
  0.640138882103E-03 -0.146560102309E-01
  0.656005730845E-03 -0.150186658829E-01
  0.672139243088E-03 -0.153873817599E-01
  0.688543900468E-03 -0.157622584438E-01
  0.705224259940E-03 -0.161433981675E-01
  0.722184955045E-03 -0.165309048409E-01
  0.739430697195E-03 -0.169248840784E-01
  0.756966276985E-03 -0.173254432255E-01
  0.774796565523E-03 -0.177326913868E-01
  0.792926515781E-03 -0.181467394536E-01
  0.811361163972E-03 -0.185677001330E-01
  0.830105630952E-03 -0.189956879758E-01
  0.849165123637E-03 -0.194308194068E-01
  0.868544936453E-03 -0.198732127536E-01
  0.888250452805E-03 -0.203229882772E-01
  0.908287146576E-03 -0.207802682027E-01
  0.928660583643E-03 -0.212451767498E-01
  0.949376423424E-03 -0.217178401647E-01
  0.970440420452E-03 -0.221983867516E-01
  0.991858425974E-03 -0.226869469057E-01
  0.101363638957E-02 -0.231836531453E-01
  0.103578036082E-02 -0.236886401456E-01
  0.105829649097E-02 -0.242020447724E-01
  0.108119103464E-02 -0.247240061162E-01
  0.110447035157E-02 -0.252546655270E-01
  0.112814090840E-02 -0.257941666498E-01
  0.115220928042E-02 -0.263426554600E-01
  0.117668215346E-02 -0.269002802999E-01
  0.120156632569E-02 -0.274671919153E-01
  0.122686870953E-02 -0.280435434928E-01
  0.125259633360E-02 -0.286294906980E-01
  0.127875634462E-02 -0.292251917130E-01
  0.130535600943E-02 -0.298308072762E-01
  0.133240271699E-02 -0.304465007210E-01
  0.135990398045E-02 -0.310724380161E-01
  0.138786743924E-02 -0.317087878060E-01
  0.141630086115E-02 -0.323557214519E-01
  0.144521214454E-02 -0.330134130736E-01
  0.147460932052E-02 -0.336820395911E-01
  0.150450055514E-02 -0.343617807682E-01
  0.153489415174E-02 -0.350528192553E-01
  0.156579855315E-02 -0.357553406332E-01
  0.159722234415E-02 -0.364695334580E-01
  0.162917425376E-02 -0.371955893062E-01
  0.166166315772E-02 -0.379337028199E-01
  0.169469808094E-02 -0.386840717538E-01
  0.172828819999E-02 -0.394468970215E-01
  0.176244284567E-02 -0.402223827433E-01
  0.179717150562E-02 -0.410107362945E-01
  0.183248382690E-02 -0.418121683537E-01
  0.186838961872E-02 -0.426268929527E-01
  0.190489885514E-02 -0.434551275261E-01
  0.194202167784E-02 -0.442970929620E-01
  0.197976839897E-02 -0.451530136537E-01
  0.201814950397E-02 -0.460231175510E-01
  0.205717565450E-02 -0.469076362129E-01
  0.209685769141E-02 -0.478068048614E-01
  0.213720663774E-02 -0.487208624344E-01
  0.217823370179E-02 -0.496500516409E-01
  0.221995028024E-02 -0.505946190158E-01
  0.226236796128E-02 -0.515548149759E-01
  0.230549852789E-02 -0.525308938762E-01
  0.234935396105E-02 -0.535231140669E-01
  0.239394644311E-02 -0.545317379518E-01
  0.243928836116E-02 -0.555570320457E-01
  0.248539231046E-02 -0.565992670345E-01
  0.253227109796E-02 -0.576587178342E-01
  0.257993774586E-02 -0.587356636519E-01
  0.262840549518E-02 -0.598303880463E-01
  0.267768780952E-02 -0.609431789899E-01
  0.272779837871E-02 -0.620743289312E-01
  0.277875112269E-02 -0.632241348576E-01
  0.283056019531E-02 -0.643928983594E-01
  0.288323998833E-02 -0.655809256941E-01
  0.293680513535E-02 -0.667885278510E-01
  0.299127051593E-02 -0.680160206174E-01
  0.304665125969E-02 -0.692637246445E-01
  0.310296275053E-02 -0.705319655146E-01
  0.316022063089E-02 -0.718210738086E-01
  0.321844080610E-02 -0.731313851738E-01
  0.327763944881E-02 -0.744632403935E-01
  0.333783300347E-02 -0.758169854556E-01
  0.339903819090E-02 -0.771929716232E-01
  0.346127201292E-02 -0.785915555049E-01
  0.352455175712E-02 -0.800130991264E-01
  0.358889500161E-02 -0.814579700019E-01
  0.365431961993E-02 -0.829265412066E-01
  0.372084378599E-02 -0.844191914499E-01
  0.378848597917E-02 -0.859363051484E-01
  0.385726498940E-02 -0.874782725004E-01
  0.392719992239E-02 -0.890454895601E-01
  0.399831020498E-02 -0.906383583130E-01
  0.407061559046E-02 -0.922572867508E-01
  0.414413616415E-02 -0.939026889482E-01
  0.421889234888E-02 -0.955749851388E-01
  0.429490491076E-02 -0.972746017922E-01
  0.437219496486E-02 -0.990019716913E-01
  0.445078398115E-02 -0.100757534010E+00
  0.453069379041E-02 -0.102541734391E+00
  0.461194659032E-02 -0.104355025025E+00
  0.469456495164E-02 -0.106197864729E+00
  0.477857182443E-02 -0.108070719025E+00
  0.486399054448E-02 -0.109974060219E+00
  0.495084483977E-02 -0.111908367483E+00
  0.503915883703E-02 -0.113874126931E+00
  0.512895706851E-02 -0.115871831702E+00
  0.522026447874E-02 -0.117901982039E+00
  0.531310643146E-02 -0.119965085367E+00
  0.540750871672E-02 -0.122061656380E+00
  0.550349755798E-02 -0.124192217112E+00
  0.560109961941E-02 -0.126357297023E+00
  0.570034201334E-02 -0.128557433081E+00
  0.580125230773E-02 -0.130793169835E+00
  0.590385853386E-02 -0.133065059502E+00
  0.600818919413E-02 -0.135373662043E+00
  0.611427326994E-02 -0.137719545242E+00
  0.622214022979E-02 -0.140103284788E+00
  0.633182003739E-02 -0.142525464353E+00
  0.644334316008E-02 -0.144986675666E+00
  0.655674057722E-02 -0.147487518598E+00
  0.667204378881E-02 -0.150028601233E+00
  0.678928482427E-02 -0.152610539951E+00
  0.690849625131E-02 -0.155233959495E+00
  0.702971118498E-02 -0.157899493057E+00
  0.715296329687E-02 -0.160607782342E+00
  0.727828682447E-02 -0.163359477650E+00
  0.740571658069E-02 -0.166155237941E+00
  0.753528796348E-02 -0.168995730914E+00
  0.766703696575E-02 -0.171881633070E+00
  0.780100018528E-02 -0.174813629783E+00
  0.793721483493E-02 -0.177792415372E+00
  0.807571875299E-02 -0.180818693158E+00
  0.821655041365E-02 -0.183893175538E+00
  0.835974893773E-02 -0.187016584040E+00
  0.850535410352E-02 -0.190189649387E+00
  0.865340635783E-02 -0.193413111557E+00
  0.880394682725E-02 -0.196687719837E+00
  0.895701732952E-02 -0.200014232878E+00
  0.911266038523E-02 -0.203393418751E+00
  0.927091922956E-02 -0.206826054990E+00
  0.943183782431E-02 -0.210312928646E+00
  0.959546087013E-02 -0.213854836326E+00
  0.976183381892E-02 -0.217452584238E+00
  0.993100288645E-02 -0.221106988228E+00
  0.101030150652E-01 -0.224818873815E+00
  0.102779181375E-01 -0.228589076222E+00
  0.104557606886E-01 -0.232418440406E+00
  0.106365921204E-01 -0.236307821081E+00
  0.108204626649E-01 -0.240258082738E+00
  0.110074233986E-01 -0.244270099662E+00
  0.111975262561E-01 -0.248344755943E+00
  0.113908240451E-01 -0.252482945485E+00
  0.115873704606E-01 -0.256685572006E+00
  0.117872201000E-01 -0.260953549035E+00
  0.119904284786E-01 -0.265287799906E+00
  0.121970520442E-01 -0.269689257746E+00
  0.124071481938E-01 -0.274158865449E+00
  0.126207752887E-01 -0.278697575660E+00
  0.128379926712E-01 -0.283306350734E+00
  0.130588606807E-01 -0.287986162704E+00
  0.132834406709E-01 -0.292737993236E+00
  0.135117950267E-01 -0.297562833572E+00
  0.137439871812E-01 -0.302461684475E+00
  0.139800816338E-01 -0.307435556157E+00
  0.142201439678E-01 -0.312485468211E+00
  0.144642408686E-01 -0.317612449516E+00
  0.147124401427E-01 -0.322817538153E+00
  0.149648107357E-01 -0.328101781301E+00
  0.152214227523E-01 -0.333466235121E+00
  0.154823474752E-01 -0.338911964640E+00
  0.157476573852E-01 -0.344440043616E+00
  0.160174261812E-01 -0.350051554397E+00
  0.162917288008E-01 -0.355747587767E+00
  0.165706414408E-01 -0.361529242778E+00
  0.168542415787E-01 -0.367397626578E+00
  0.171426079943E-01 -0.373353854217E+00
  0.174358207911E-01 -0.379399048446E+00
  0.177339614191E-01 -0.385534339503E+00
  0.180371126970E-01 -0.391760864878E+00
  0.183453588353E-01 -0.398079769072E+00
  0.186587854602E-01 -0.404492203339E+00
  0.189774796364E-01 -0.410999325408E+00
  0.193015298923E-01 -0.417602299194E+00
  0.196310262438E-01 -0.424302294489E+00
  0.199660602199E-01 -0.431100486642E+00
  0.203067248877E-01 -0.437998056209E+00
  0.206531148784E-01 -0.444996188597E+00
  0.210053264137E-01 -0.452096073686E+00
  0.213634573325E-01 -0.459298905422E+00
  0.217276071178E-01 -0.466605881405E+00
  0.220978769247E-01 -0.474018202442E+00
  0.224743696084E-01 -0.481537072087E+00
  0.228571897524E-01 -0.489163696156E+00
  0.232464436983E-01 -0.496899282214E+00
  0.236422395746E-01 -0.504745039050E+00
  0.240446873271E-01 -0.512702176110E+00
  0.244538987496E-01 -0.520771902923E+00
  0.248699875144E-01 -0.528955428485E+00
  0.252930692045E-01 -0.537253960626E+00
  0.257232613452E-01 -0.545668705342E+00
  0.261606834372E-01 -0.554200866106E+00
  0.266054569893E-01 -0.562851643140E+00
  0.270577055528E-01 -0.571622232661E+00
  0.275175547550E-01 -0.580513826097E+00
  0.279851323348E-01 -0.589527609270E+00
  0.284605681779E-01 -0.598664761537E+00
  0.289439943529E-01 -0.607926454908E+00
  0.294355451479E-01 -0.617313853123E+00
  0.299353571080E-01 -0.626828110693E+00
  0.304435690729E-01 -0.636470371900E+00
  0.309603222161E-01 -0.646241769764E+00
  0.314857600833E-01 -0.656143424966E+00
  0.320200286330E-01 -0.666176444732E+00
  0.325632762763E-01 -0.676341921676E+00
  0.331156539191E-01 -0.686640932593E+00
  0.336773150030E-01 -0.697074537217E+00
  0.342484155487E-01 -0.707643776927E+00
  0.348291141988E-01 -0.718349673409E+00
  0.354195722623E-01 -0.729193227269E+00
  0.360199537590E-01 -0.740175416594E+00
  0.366304254656E-01 -0.751297195470E+00
  0.372511569614E-01 -0.762559492440E+00
  0.378823206757E-01 -0.773963208915E+00
  0.385240919360E-01 -0.785509217524E+00
  0.391766490161E-01 -0.797198360419E+00
  0.398401731861E-01 -0.809031447509E+00
  0.405148487625E-01 -0.821009254650E+00
  0.412008631595E-01 -0.833132521763E+00
  0.418984069412E-01 -0.845401950901E+00
  0.426076738741E-01 -0.857818204246E+00
  0.433288609814E-01 -0.870381902048E+00
  0.440621685975E-01 -0.883093620496E+00
  0.448078004237E-01 -0.895953889523E+00
  0.455659635847E-01 -0.908963190543E+00
  0.463368686863E-01 -0.922121954121E+00
  0.471207298737E-01 -0.935430557569E+00
  0.479177648911E-01 -0.948889322474E+00
  0.487281951425E-01 -0.962498512150E+00
  0.495522457524E-01 -0.976258329018E+00
  0.503901456291E-01 -0.990168911909E+00
  0.512421275279E-01 -0.100423033329E+01
  0.521084281160E-01 -0.101844259640E+01
  0.529892880380E-01 -0.103280563234E+01
  0.538849519829E-01 -0.104731929706E+01
  0.547956687520E-01 -0.106198336823E+01
  0.557216913280E-01 -0.107679754210E+01
  0.566632769453E-01 -0.109176143023E+01
  0.576206871616E-01 -0.110687455612E+01
  0.585941879303E-01 -0.112213635181E+01
  0.595840496746E-01 -0.113754615434E+01
  0.605905473624E-01 -0.115310320215E+01
  0.616139605828E-01 -0.116880663136E+01
  0.626545736240E-01 -0.118465547202E+01
  0.637126755517E-01 -0.120064864422E+01
  0.647885602900E-01 -0.121678495408E+01
  0.658825267027E-01 -0.123306308975E+01
  0.669948786764E-01 -0.124948161723E+01
  0.681259252048E-01 -0.126603897611E+01
  0.692759804748E-01 -0.128273347527E+01
  0.704453639537E-01 -0.129956328842E+01
  0.716344004777E-01 -0.131652644957E+01
  0.728434203424E-01 -0.133362084845E+01
  0.740727593943E-01 -0.135084422577E+01
  0.753227591245E-01 -0.136819416842E+01
  0.765937667631E-01 -0.138566810462E+01
  0.778861353761E-01 -0.140326329886E+01
  0.792002239629E-01 -0.142097684693E+01
  0.805363975567E-01 -0.143880567065E+01
  0.818950273254E-01 -0.145674651270E+01
  0.832764906748E-01 -0.147479593126E+01
  0.846811713537E-01 -0.149295029458E+01
  0.861094595601E-01 -0.151120577550E+01
  0.875617520501E-01 -0.152955834586E+01
  0.890384522474E-01 -0.154800377082E+01
  0.905399703562E-01 -0.156653760316E+01
  0.920667234743E-01 -0.158515517745E+01
  0.936191357098E-01 -0.160385160417E+01
  0.951976382982E-01 -0.162262176380E+01
  0.968026697226E-01 -0.164146030078E+01
  0.984346758355E-01 -0.166036161746E+01
  0.100094109982E+00 -0.167931986799E+01
  0.101781433127E+00 -0.169832895216E+01
  0.103497113983E+00 -0.171738250920E+01
  0.105241629138E+00 -0.173647391149E+01
  0.107015463191E+00 -0.175559625836E+01
  0.108819108885E+00 -0.177474236973E+01
  0.110653067244E+00 -0.179390477980E+01
  0.112517847714E+00 -0.181307573075E+01
  0.114413968300E+00 -0.183224716638E+01
  0.116341955715E+00 -0.185141072576E+01
  0.118302345524E+00 -0.187055773697E+01
  0.120295682291E+00 -0.188967921076E+01
  0.122322519735E+00 -0.190876583430E+01
  0.124383420879E+00 -0.192780796497E+01
  0.126478958208E+00 -0.194679562418E+01
  0.128609713830E+00 -0.196571849125E+01
  0.130776279634E+00 -0.198456589743E+01
  0.132979257460E+00 -0.200332681991E+01
  0.135219259258E+00 -0.202198987603E+01
  0.137496907267E+00 -0.204054331750E+01
  0.139812834181E+00 -0.205897502485E+01
  0.142167683328E+00 -0.207727250198E+01
  0.144562108847E+00 -0.209542287083E+01
  0.146996775873E+00 -0.211341286631E+01
  0.149472360717E+00 -0.213122883135E+01
  0.151989551058E+00 -0.214885671221E+01
  0.154549046132E+00 -0.216628205398E+01
  0.157151556925E+00 -0.218348999636E+01
  0.159797806375E+00 -0.220046526966E+01
  0.162488529567E+00 -0.221719219118E+01
  0.165224473942E+00 -0.223365466179E+01
  0.168006399502E+00 -0.224983616289E+01
  0.170835079022E+00 -0.226571975376E+01
  0.173711298265E+00 -0.228128806923E+01
  0.176635856199E+00 -0.229652331777E+01
  0.179609565219E+00 -0.231140727999E+01
  0.182633251376E+00 -0.232592130767E+01
  0.185707754601E+00 -0.234004632314E+01
  0.188833928944E+00 -0.235376281926E+01
  0.192012642805E+00 -0.236705085992E+01
  0.195244779181E+00 -0.237989008106E+01
  0.198531235910E+00 -0.239225969233E+01
  0.201872925916E+00 -0.240413847931E+01
  0.205270777468E+00 -0.241550480647E+01
  0.208725734436E+00 -0.242633662071E+01
  0.212238756552E+00 -0.243661145568E+01
  0.215810819679E+00 -0.244630643685E+01
  0.219442916078E+00 -0.245539828730E+01
  0.223136054690E+00 -0.246386333438E+01
  0.226891261409E+00 -0.247167751719E+01
  0.230709579374E+00 -0.247881639494E+01
  0.234592069251E+00 -0.248525515623E+01
  0.238539809536E+00 -0.249096862931E+01
  0.242553896849E+00 -0.249593129323E+01
  0.246635446239E+00 -0.250011729014E+01
  0.250785591496E+00 -0.250350043853E+01
  0.255005485466E+00 -0.250605424765E+01
  0.259296300369E+00 -0.250775193299E+01
  0.263659228124E+00 -0.250856643296E+01
  0.268095480684E+00 -0.250847042676E+01
  0.272606290371E+00 -0.250743635349E+01
  0.277192910215E+00 -0.250543643248E+01
  0.281856614308E+00 -0.250244268499E+01
  0.286598698153E+00 -0.249842695719E+01
  0.291420479026E+00 -0.249336094452E+01
  0.296323296341E+00 -0.248721621746E+01
  0.301308512023E+00 -0.247996424868E+01
  0.306377510888E+00 -0.247157644171E+01
  0.311531701022E+00 -0.246202416100E+01
  0.316772514178E+00 -0.245127876357E+01
  0.322101406172E+00 -0.243931163216E+01
  0.327519857285E+00 -0.242609420982E+01
  0.333029372678E+00 -0.241159803627E+01
  0.338631482807E+00 -0.239579478561E+01
  0.344327743849E+00 -0.237865630579E+01
  0.350119738137E+00 -0.236015465953E+01
  0.356009074594E+00 -0.234026216699E+01
  0.361997389185E+00 -0.231895144985E+01
  0.368086345370E+00 -0.229619547714E+01
  0.374277634564E+00 -0.227196761257E+01
  0.380572976610E+00 -0.224624166340E+01
  0.386974120254E+00 -0.221899193088E+01
  0.393482843633E+00 -0.219019326220E+01
  0.400100954768E+00 -0.215982110391E+01
  0.406830292065E+00 -0.212785155674E+01
  0.413672724828E+00 -0.209426143185E+01
  0.420630153776E+00 -0.205902830837E+01
  0.427704511574E+00 -0.202213059220E+01
  0.434897763366E+00 -0.198354757605E+01
  0.442211907325E+00 -0.194325950051E+01
  0.449648975203E+00 -0.190124761624E+01
  0.457211032902E+00 -0.185749424699E+01
  0.464900181040E+00 -0.181198285356E+01
  0.472718555543E+00 -0.176469809837E+01
  0.480668328230E+00 -0.171562591075E+01
  0.488751707424E+00 -0.166475355264E+01
  0.496970938559E+00 -0.161206968468E+01
  0.505328304808E+00 -0.155756443262E+01
  0.513826127715E+00 -0.150122945372E+01
  0.522466767842E+00 -0.144305800327E+01
  0.531252625421E+00 -0.138304500092E+01
  0.540186141026E+00 -0.132118709679E+01
  0.549269796245E+00 -0.125748273725E+01
  0.558506114375E+00 -0.119193223017E+01
  0.567897661119E+00 -0.112453780975E+01
  0.577447045301E+00 -0.105530370060E+01
  0.587156919588E+00 -0.984236181233E+00
  0.597029981230E+00 -0.911343646773E+00
  0.607068972808E+00 -0.836636670882E+00
  0.617276682996E+00 -0.760128066925E+00
  0.627655947333E+00 -0.681832948332E+00
  0.638209649016E+00 -0.601768788150E+00
  0.648940719696E+00 -0.519955477842E+00
  0.659852140296E+00 -0.436415385304E+00
  0.670946941835E+00 -0.351173412147E+00
  0.682228206274E+00 -0.264257050240E+00
  0.693699067371E+00 -0.175696437499E+00
  0.705362711549E+00 -0.855244128997E-01
  0.717222378785E+00  0.622342935667E-02
  0.729281363506E+00  0.995086866138E-01
  0.741543015509E+00  0.194290095618E+00
  0.754010740886E+00  0.290523481639E+00
  0.766688002976E+00  0.388161709090E+00
  0.779578323320E+00  0.487154633906E+00
  0.792685282647E+00  0.587449057990E+00
  0.806012521863E+00  0.688988686060E+00
  0.819563743064E+00  0.791714085237E+00
  0.833342710566E+00  0.895562647755E+00
  0.847353251947E+00  0.100046855718E+01
  0.861599259117E+00  0.110636275864E+01
  0.876084689389E+00  0.121317293374E+01
  0.890813566589E+00  0.132082348113E+01
  0.905789982164E+00  0.142923550439E+01
  0.921018096329E+00  0.153832681018E+01
  0.936502139210E+00  0.164801192125E+01
  0.952246412033E+00  0.175820211233E+01
  0.968255288305E+00  0.186880548144E+01
  0.984533215042E+00  0.197972707628E+01
  0.100108471399E+01  0.209086910479E+01
  0.101791438290E+01  0.220213127203E+01
  0.103502689679E+01  0.231341129942E+01
  0.105242700924E+01  0.242460569748E+01
  0.107011955373E+01  0.253561086958E+01
  0.108810944497E+01  0.264632461472E+01
  0.110640168026E+01  0.275664804912E+01
  0.112500134090E+01  0.286648785959E+01
  0.114391359358E+01  0.297575860890E+01
  0.116314369183E+01  0.308438453530E+01
  0.118269697747E+01  0.319229997660E+01
  0.120257888208E+01  0.329944737180E+01
  0.122279492855E+01  0.340577203263E+01
  0.124335073258E+01  0.351121382878E+01
  0.126425200424E+01  0.361569751188E+01
  0.128550454958E+01  0.371912479959E+01
  0.130711427221E+01  0.382137127048E+01
  0.132908717499E+01  0.392228912664E+01
  0.135142936163E+01  0.402171421158E+01
  0.137414703843E+01  0.411947424542E+01
  0.139724651603E+01  0.421539570255E+01
  0.142073421107E+01  0.430930821013E+01
  0.144461664807E+01  0.440104660194E+01
  0.146890046121E+01  0.449045134316E+01
  0.149359239612E+01  0.457736807573E+01
  0.151869931186E+01  0.466164683273E+01
  0.154422818271E+01  0.474314123991E+01
  0.157018610021E+01  0.482170785414E+01
  0.159658027504E+01  0.489720568751E+01
  0.162341803909E+01  0.496949591789E+01
  0.165070684748E+01  0.503844176811E+01
  0.167845428059E+01  0.510390853301E+01
  0.170666804623E+01  0.516576373559E+01
  0.173535598174E+01  0.522387739706E+01
  0.176452605617E+01  0.527812240765E+01
  0.179418637251E+01  0.532837498631E+01
  0.182434516992E+01  0.537451521773E+01
  0.185501082605E+01  0.541642765435E+01
  0.188619185932E+01  0.545400197183E+01
  0.191789693135E+01  0.548713366449E+01
  0.195013484928E+01  0.551572476988E+01
  0.198291456832E+01  0.553968460907E+01
  0.201624519415E+01  0.555893053340E+01
  0.205013598548E+01  0.557338866543E+01
  0.208459635666E+01  0.558299462681E+01
  0.211963588021E+01  0.558769424184E+01
  0.215526428958E+01  0.558744421147E+01
  0.219149148176E+01  0.558221274667E+01
  0.222832752010E+01  0.557198015706E+01
  0.226578263708E+01  0.555673938335E+01
  0.230386723712E+01  0.553649646975E+01
  0.234259189954E+01  0.551127096405E+01
  0.238196738143E+01  0.548109624143E+01
  0.242200462067E+01  0.544601973938E+01
  0.246271473899E+01  0.540610310006E+01
         541           1
  0.000000000000E+00  0.000000000000E+00
  0.510846319546E-05  0.529046092279E-10
  0.103027809112E-04  0.215189909321E-09
  0.155843960465E-04  0.492371521969E-09
  0.209547757508E-04  0.890182409842E-09
  0.264154118307E-04  0.141458075410E-08
  0.319678211647E-04  0.207175810750E-08
  0.376135461243E-04  0.286814783258E-08
  0.433541550030E-04  0.381043383470E-08
  0.491912424510E-04  0.490555960019E-08
  0.551264299192E-04  0.616073754992E-08
  0.611613661089E-04  0.758345871934E-08
  0.672977274301E-04  0.918150277602E-08
  0.735372184670E-04  0.109629483865E-07
  0.798815724517E-04  0.129361839440E-07
  0.863325517456E-04  0.151099186705E-07
  0.928919483287E-04  0.174931941041E-07
  0.995615842980E-04  0.200953959873E-07
  0.106343312373E-03  0.229262665675E-07
  0.113239016411E-03  0.259959173263E-07
  0.120250611928E-03  0.293148421501E-07
  0.127380046637E-03  0.328939309586E-07
  0.134629300981E-03  0.367444838066E-07
  0.142000388688E-03  0.408782254746E-07
  0.149495357331E-03  0.453073205663E-07
  0.157116288893E-03  0.500443891288E-07
  0.164865300349E-03  0.551025228149E-07
  0.172744544251E-03  0.604953016052E-07
  0.180756209330E-03  0.662368111089E-07
  0.188902521099E-03  0.723416604645E-07
  0.197185742474E-03  0.788250008593E-07
  0.205608174405E-03  0.857025446899E-07
  0.214172156510E-03  0.929905853855E-07
  0.222880067727E-03  0.100706017916E-06
  0.231734326977E-03  0.108866360011E-06
  0.240737393834E-03  0.117489774108E-06
  0.249891769206E-03  0.126595090062E-06
  0.259199996036E-03  0.136201828639E-06
  0.268664660001E-03  0.146330225818E-06
  0.278288390236E-03  0.157001257935E-06
  0.288073860060E-03  0.168236667693E-06
  0.298023787723E-03  0.180058991064E-06
  0.308140937158E-03  0.192491585131E-06
  0.318428118749E-03  0.205558656873E-06
  0.328888190112E-03  0.219285292958E-06
  0.339524056891E-03  0.233697490550E-06
  0.350338673561E-03  0.248822189186E-06
  0.361335044251E-03  0.264687303739E-06
  0.372516223580E-03  0.281321758532E-06
  0.383885317504E-03  0.298755522610E-06
  0.395445484175E-03  0.317019646233E-06
  0.407199934828E-03  0.336146298628E-06
  0.419151934661E-03  0.356168807026E-06
  0.431304803753E-03  0.377121697056E-06
  0.443661917977E-03  0.399040734519E-06
  0.456226709946E-03  0.421962968595E-06
  0.469002669960E-03  0.445926776543E-06
  0.481993346979E-03  0.470971909930E-06
  0.495202349607E-03  0.497139542444E-06
  0.508633347098E-03  0.524472319360E-06
  0.522290070371E-03  0.553014408690E-06
  0.536176313046E-03  0.582811554101E-06
  0.550295932504E-03  0.613911129638E-06
  0.564652850951E-03  0.646362196329E-06
  0.579251056513E-03  0.680215560731E-06
  0.594094604341E-03  0.715523835485E-06
  0.609187617738E-03  0.752341501941E-06
  0.624534289304E-03  0.790724974934E-06
  0.640138882103E-03  0.830732669782E-06
  0.656005730845E-03  0.872425071571E-06
  0.672139243088E-03  0.915864806823E-06
  0.688543900468E-03  0.961116717611E-06
  0.705224259940E-03  0.100824793822E-05
  0.722184955045E-03  0.105732797441E-05
  0.739430697195E-03  0.110842878544E-05
  0.756966276985E-03  0.116162486885E-05
  0.774796565523E-03  0.121699334816E-05
  0.792926515781E-03  0.127461406358E-05
  0.811361163972E-03  0.133456966580E-05
  0.830105630952E-03  0.139694571305E-05
  0.849165123637E-03  0.146183077137E-05
  0.868544936453E-03  0.152931651842E-05
  0.888250452805E-03  0.159949785077E-05
  0.908287146576E-03  0.167247299488E-05
  0.928660583643E-03  0.174834362188E-05
  0.949376423424E-03  0.182721496624E-05
  0.970440420452E-03  0.190919594854E-05
  0.991858425974E-03  0.199439930242E-05
  0.101363638957E-02  0.208294170585E-05
  0.103578036082E-02  0.217494391685E-05
  0.105829649097E-02  0.227053091399E-05
  0.108119103464E-02  0.236983204146E-05
  0.110447035157E-02  0.247298115933E-05
  0.112814090840E-02  0.258011679875E-05
  0.115220928042E-02  0.269138232257E-05
  0.117668215346E-02  0.280692609137E-05
  0.120156632569E-02  0.292690163521E-05
  0.122686870953E-02  0.305146783118E-05
  0.125259633360E-02  0.318078908707E-05
  0.127875634462E-02  0.331503553126E-05
  0.130535600943E-02  0.345438320913E-05
  0.133240271699E-02  0.359901428610E-05
  0.135990398045E-02  0.374911725767E-05
  0.138786743924E-02  0.390488716659E-05
  0.141630086115E-02  0.406652582740E-05
  0.144521214454E-02  0.423424205872E-05
  0.147460932052E-02  0.440825192333E-05
  0.150450055514E-02  0.458877897655E-05
  0.153489415174E-02  0.477605452301E-05
  0.156579855315E-02  0.497031788222E-05
  0.159722234415E-02  0.517181666315E-05
  0.162917425376E-02  0.538080704818E-05
  0.166166315772E-02  0.559755408674E-05
  0.169469808094E-02  0.582233199893E-05
  0.172828819999E-02  0.605542448950E-05
  0.176244284567E-02  0.629712507251E-05
  0.179717150562E-02  0.654773740707E-05
  0.183248382690E-02  0.680757564447E-05
  0.186838961872E-02  0.707696478720E-05
  0.190489885514E-02  0.735624106011E-05
  0.194202167784E-02  0.764575229427E-05
  0.197976839897E-02  0.794585832389E-05
  0.201814950397E-02  0.825693139673E-05
  0.205717565450E-02  0.857935659849E-05
  0.209685769141E-02  0.891353229163E-05
  0.213720663774E-02  0.925987056918E-05
  0.217823370179E-02  0.961879772392E-05
  0.221995028024E-02  0.999075473357E-05
  0.226236796128E-02  0.103761977625E-04
  0.230549852789E-02  0.107755986804E-04
  0.234935396105E-02  0.111894455989E-04
  0.239394644311E-02  0.116182434260E-04
  0.243928836116E-02  0.120625144396E-04
  0.248539231046E-02  0.125227988808E-04
  0.253227109796E-02  0.129996555668E-04
  0.257993774586E-02  0.134936625251E-04
  0.262840549518E-02  0.140054176490E-04
  0.267768780952E-02  0.145355393760E-04
  0.272779837871E-02  0.150846673879E-04
  0.277875112269E-02  0.156534633365E-04
  0.283056019531E-02  0.162426115924E-04
  0.288323998833E-02  0.168528200204E-04
  0.293680513535E-02  0.174848207804E-04
  0.299127051593E-02  0.181393711561E-04
  0.304665125969E-02  0.188172544119E-04
  0.310296275053E-02  0.195192806780E-04
  0.316022063089E-02  0.202462878672E-04
  0.321844080610E-02  0.209991426212E-04
  0.327763944881E-02  0.217787412903E-04
  0.333783300347E-02  0.225860109457E-04
  0.339903819090E-02  0.234219104261E-04
  0.346127201292E-02  0.242874314210E-04
  0.352455175712E-02  0.251835995890E-04
  0.358889500161E-02  0.261114757157E-04
  0.365431961993E-02  0.270721569102E-04
  0.372084378599E-02  0.280667778420E-04
  0.378848597917E-02  0.290965120209E-04
  0.385726498940E-02  0.301625731190E-04
  0.392719992239E-02  0.312662163392E-04
  0.399831020498E-02  0.324087398285E-04
  0.407061559046E-02  0.335914861408E-04
  0.414413616415E-02  0.348158437482E-04
  0.421889234888E-02  0.360832486045E-04
  0.429490491076E-02  0.373951857614E-04
  0.437219496486E-02  0.387531910395E-04
  0.445078398115E-02  0.401588527561E-04
  0.453069379041E-02  0.416138135119E-04
  0.461194659032E-02  0.431197720381E-04
  0.469456495164E-02  0.446784851063E-04
  0.477857182443E-02  0.462917695035E-04
  0.486399054448E-02  0.479615040732E-04
  0.495084483977E-02  0.496896318272E-04
  0.503915883703E-02  0.514781621280E-04
  0.512895706851E-02  0.533291729459E-04
  0.522026447874E-02  0.552448131919E-04
  0.531310643146E-02  0.572273051309E-04
  0.540750871672E-02  0.592789468760E-04
  0.550349755798E-02  0.614021149675E-04
  0.560109961941E-02  0.635992670401E-04
  0.570034201334E-02  0.658729445793E-04
  0.580125230773E-02  0.682257757730E-04
  0.590385853386E-02  0.706604784582E-04
  0.600818919413E-02  0.731798631690E-04
  0.611427326994E-02  0.757868362874E-04
  0.622214022979E-02  0.784844033006E-04
  0.633182003739E-02  0.812756721699E-04
  0.644334316008E-02  0.841638568127E-04
  0.655674057722E-02  0.871522807036E-04
  0.667204378881E-02  0.902443805968E-04
  0.678928482427E-02  0.934437103754E-04
  0.690849625131E-02  0.967539450308E-04
  0.702971118498E-02  0.100178884777E-03
  0.715296329687E-02  0.103722459307E-03
  0.727828682447E-02  0.107388732185E-03
  0.740571658069E-02  0.111181905403E-03
  0.753528796348E-02  0.115106324074E-03
  0.766703696575E-02  0.119166481299E-03
  0.780100018528E-02  0.123367023187E-03
  0.793721483493E-02  0.127712754058E-03
  0.807571875299E-02  0.132208641811E-03
  0.821655041365E-02  0.136859823479E-03
  0.835974893773E-02  0.141671610973E-03
  0.850535410352E-02  0.146649497019E-03
  0.865340635783E-02  0.151799161296E-03
  0.880394682725E-02  0.157126476782E-03
  0.895701732952E-02  0.162637516318E-03
  0.911266038523E-02  0.168338559391E-03
  0.927091922956E-02  0.174236099147E-03
  0.943183782431E-02  0.180336849643E-03
  0.959546087013E-02  0.186647753345E-03
  0.976183381892E-02  0.193175988879E-03
  0.993100288645E-02  0.199928979042E-03
  0.101030150652E-01  0.206914399093E-03
  0.102779181375E-01  0.214140185312E-03
  0.104557606886E-01  0.221614543861E-03
  0.106365921204E-01  0.229345959936E-03
  0.108204626649E-01  0.237343207235E-03
  0.110074233986E-01  0.245615357745E-03
  0.111975262561E-01  0.254171791856E-03
  0.113908240451E-01  0.263022208822E-03
  0.115873704606E-01  0.272176637579E-03
  0.117872201000E-01  0.281645447919E-03
  0.119904284786E-01  0.291439362052E-03
  0.121970520442E-01  0.301569466555E-03
  0.124071481938E-01  0.312047224725E-03
  0.126207752887E-01  0.322884489350E-03
  0.128379926712E-01  0.334093515916E-03
  0.130588606807E-01  0.345686976252E-03
  0.132834406709E-01  0.357677972647E-03
  0.135117950267E-01  0.370080052438E-03
  0.137439871812E-01  0.382907223088E-03
  0.139800816338E-01  0.396173967785E-03
  0.142201439678E-01  0.409895261559E-03
  0.144642408686E-01  0.424086587944E-03
  0.147124401427E-01  0.438763956208E-03
  0.149648107357E-01  0.453943919163E-03
  0.152214227523E-01  0.469643591575E-03
  0.154823474752E-01  0.485880669197E-03
  0.157476573852E-01  0.502673448447E-03
  0.160174261812E-01  0.520040846749E-03
  0.162917288008E-01  0.538002423556E-03
  0.165706414408E-01  0.556578402094E-03
  0.168542415787E-01  0.575789691830E-03
  0.171426079943E-01  0.595657911699E-03
  0.174358207911E-01  0.616205414123E-03
  0.177339614191E-01  0.637455309830E-03
  0.180371126970E-01  0.659431493517E-03
  0.183453588353E-01  0.682158670378E-03
  0.186587854602E-01  0.705662383518E-03
  0.189774796364E-01  0.729969042308E-03
  0.193015298923E-01  0.755105951677E-03
  0.196310262438E-01  0.781101342404E-03
  0.199660602199E-01  0.807984402423E-03
  0.203067248877E-01  0.835785309189E-03
  0.206531148784E-01  0.864535263129E-03
  0.210053264137E-01  0.894266522219E-03
  0.213634573325E-01  0.925012437726E-03
  0.217276071178E-01  0.956807491154E-03
  0.220978769247E-01  0.989687332432E-03
  0.224743696084E-01  0.102368881938E-02
  0.228571897524E-01  0.105885005852E-02
  0.232464436983E-01  0.109521044723E-02
  0.236422395746E-01  0.113281071733E-02
  0.240446873271E-01  0.117169298015E-02
  0.244538987496E-01  0.121190077309E-02
  0.248699875144E-01  0.125347910771E-02
  0.252930692045E-01  0.129647451952E-02
  0.257232613452E-01  0.134093511934E-02
  0.261606834372E-01  0.138691064649E-02
  0.266054569893E-01  0.143445252363E-02
  0.270577055528E-01  0.148361391357E-02
  0.275175547550E-01  0.153444977790E-02
  0.279851323348E-01  0.158701693759E-02
  0.284605681779E-01  0.164137413566E-02
  0.289439943529E-01  0.169758210189E-02
  0.294355451479E-01  0.175570361975E-02
  0.299353571080E-01  0.181580359549E-02
  0.304435690729E-01  0.187794912965E-02
  0.309603222161E-01  0.194220959080E-02
  0.314857600833E-01  0.200865669191E-02
  0.320200286330E-01  0.207736456914E-02
  0.325632762763E-01  0.214840986331E-02
  0.331156539191E-01  0.222187180404E-02
  0.336773150030E-01  0.229783229678E-02
  0.342484155487E-01  0.237637601262E-02
  0.348291141988E-01  0.245759048115E-02
  0.354195722623E-01  0.254156618639E-02
  0.360199537590E-01  0.262839666591E-02
  0.366304254656E-01  0.271817861321E-02
  0.372511569614E-01  0.281101198353E-02
  0.378823206757E-01  0.290700010313E-02
  0.385240919360E-01  0.300624978216E-02
  0.391766490161E-01  0.310887143138E-02
  0.398401731861E-01  0.321497918255E-02
  0.405148487625E-01  0.332469101294E-02
  0.412008631595E-01  0.343812887389E-02
  0.418984069412E-01  0.355541882357E-02
  0.426076738741E-01  0.367669116416E-02
  0.433288609814E-01  0.380208058350E-02
  0.440621685975E-01  0.393172630141E-02
  0.448078004237E-01  0.406577222076E-02
  0.455659635847E-01  0.420436708355E-02
  0.463368686863E-01  0.434766463205E-02
  0.471207298737E-01  0.449582377518E-02
  0.479177648911E-01  0.464900876041E-02
  0.487281951425E-01  0.480738935109E-02
  0.495522457524E-01  0.497114100972E-02
  0.503901456291E-01  0.514044508707E-02
  0.512421275279E-01  0.531548901745E-02
  0.521084281160E-01  0.549646652028E-02
  0.529892880380E-01  0.568357780822E-02
  0.538849519829E-01  0.587702980196E-02
  0.547956687520E-01  0.607703635195E-02
  0.557216913280E-01  0.628381846725E-02
  0.566632769453E-01  0.649760455172E-02
  0.576206871616E-01  0.671863064774E-02
  0.585941879303E-01  0.694714068777E-02
  0.595840496746E-01  0.718338675384E-02
  0.605905473624E-01  0.742762934541E-02
  0.616139605828E-01  0.768013765557E-02
  0.626545736240E-01  0.794118985614E-02
  0.637126755517E-01  0.821107339162E-02
  0.647885602900E-01  0.849008528253E-02
  0.658825267027E-01  0.877853243813E-02
  0.669948786764E-01  0.907673197902E-02
  0.681259252048E-01  0.938501156980E-02
  0.692759804748E-01  0.970370976204E-02
  0.704453639537E-01  0.100331763479E-01
  0.716344004777E-01  0.103737727247E-01
  0.728434203424E-01  0.107258722706E-01
  0.740727593943E-01  0.110898607320E-01
  0.753227591245E-01  0.114661366227E-01
  0.765937667631E-01  0.118551116350E-01
  0.778861353761E-01  0.122572110637E-01
  0.792002239629E-01  0.126728742424E-01
  0.805363975567E-01  0.131025549933E-01
  0.818950273254E-01  0.135467220902E-01
  0.832764906748E-01  0.140058597354E-01
  0.846811713537E-01  0.144804680508E-01
  0.861094595601E-01  0.149710635832E-01
  0.875617520501E-01  0.154781798246E-01
  0.890384522474E-01  0.160023677474E-01
  0.905399703562E-01  0.165441963557E-01
  0.920667234743E-01  0.171042532514E-01
  0.936191357098E-01  0.176831452175E-01
  0.951976382982E-01  0.182814988172E-01
  0.968026697226E-01  0.188999610105E-01
  0.984346758355E-01  0.195391997870E-01
  0.100094109982E+00  0.201999048174E-01
  0.101781433127E+00  0.208827881219E-01
  0.103497113983E+00  0.215885847573E-01
  0.105241629138E+00  0.223180535226E-01
  0.107015463191E+00  0.230719776830E-01
  0.108819108885E+00  0.238511657131E-01
  0.110653067244E+00  0.246564520601E-01
  0.112517847714E+00  0.254886979254E-01
  0.114413968300E+00  0.263487920673E-01
  0.116341955715E+00  0.272376516230E-01
  0.118302345524E+00  0.281562229515E-01
  0.120295682291E+00  0.291054824960E-01
  0.122322519735E+00  0.300864376686E-01
  0.124383420879E+00  0.311001277538E-01
  0.126478958208E+00  0.321476248347E-01
  0.128609713830E+00  0.332300347386E-01
  0.130776279634E+00  0.343484980048E-01
  0.132979257460E+00  0.355041908724E-01
  0.135219259258E+00  0.366983262894E-01
  0.137496907267E+00  0.379321549423E-01
  0.139812834181E+00  0.392069663066E-01
  0.142167683328E+00  0.405240897167E-01
  0.144562108847E+00  0.418848954570E-01
  0.146996775873E+00  0.432907958710E-01
  0.149472360717E+00  0.447432464913E-01
  0.151989551058E+00  0.462437471862E-01
  0.154549046132E+00  0.477938433257E-01
  0.157151556925E+00  0.493951269633E-01
  0.159797806375E+00  0.510492380352E-01
  0.162488529567E+00  0.527578655736E-01
  0.165224473942E+00  0.545227489345E-01
  0.168006399502E+00  0.563456790387E-01
  0.170835079022E+00  0.582284996231E-01
  0.173711298265E+00  0.601731085029E-01
  0.176635856199E+00  0.621814588409E-01
  0.179609565219E+00  0.642555604233E-01
  0.182633251376E+00  0.663974809393E-01
  0.185707754601E+00  0.686093472624E-01
  0.188833928944E+00  0.708933467298E-01
  0.192012642805E+00  0.732517284192E-01
  0.195244779181E+00  0.756868044172E-01
  0.198531235910E+00  0.782009510784E-01
  0.201872925916E+00  0.807966102697E-01
  0.205270777468E+00  0.834762905963E-01
  0.208725734436E+00  0.862425686062E-01
  0.212238756552E+00  0.890980899661E-01
  0.215810819679E+00  0.920455706065E-01
  0.219442916078E+00  0.950877978276E-01
  0.223136054690E+00  0.982276313623E-01
  0.226891261409E+00  0.101468004389E+00
  0.230709579374E+00  0.104811924487E+00
  0.234592069251E+00  0.108262474528E+00
  0.238539809536E+00  0.111822813494E+00
  0.242553896849E+00  0.115496177216E+00
  0.246635446239E+00  0.119285879021E+00
  0.250785591496E+00  0.123195310284E+00
  0.255005485466E+00  0.127227940858E+00
  0.259296300369E+00  0.131387319400E+00
  0.263659228124E+00  0.135677073545E+00
  0.268095480684E+00  0.140100909951E+00
  0.272606290371E+00  0.144662614176E+00
  0.277192910215E+00  0.149366050379E+00
  0.281856614308E+00  0.154215160838E+00
  0.286598698153E+00  0.159213965264E+00
  0.291420479026E+00  0.164366559886E+00
  0.296323296341E+00  0.169677116301E+00
  0.301308512023E+00  0.175149880070E+00
  0.306377510888E+00  0.180789169020E+00
  0.311531701022E+00  0.186599371264E+00
  0.316772514178E+00  0.192584942885E+00
  0.322101406172E+00  0.198750405278E+00
  0.327519857285E+00  0.205100342127E+00
  0.333029372678E+00  0.211639395976E+00
  0.338631482807E+00  0.218372264384E+00
  0.344327743849E+00  0.225303695626E+00
  0.350119738137E+00  0.232438483915E+00
  0.356009074594E+00  0.239781464107E+00
  0.361997389185E+00  0.247337505874E+00
  0.368086345370E+00  0.255111507287E+00
  0.374277634564E+00  0.263108387805E+00
  0.380572976610E+00  0.271333080606E+00
  0.386974120254E+00  0.279790524243E+00
  0.393482843633E+00  0.288485653588E+00
  0.400100954768E+00  0.297423390007E+00
  0.406830292065E+00  0.306608630760E+00
  0.413672724828E+00  0.316046237553E+00
  0.420630153776E+00  0.325741024228E+00
  0.427704511574E+00  0.335697743545E+00
  0.434897763366E+00  0.345921073004E+00
  0.442211907325E+00  0.356415599698E+00
  0.449648975203E+00  0.367185804120E+00
  0.457211032902E+00  0.378236042930E+00
  0.464900181040E+00  0.389570530609E+00
  0.472718555543E+00  0.401193319991E+00
  0.480668328230E+00  0.413108281642E+00
  0.488751707424E+00  0.425319082038E+00
  0.496970938559E+00  0.437829160550E+00
  0.505328304808E+00  0.450641705191E+00
  0.513826127715E+00  0.463759627121E+00
  0.522466767842E+00  0.477185533914E+00
  0.531252625421E+00  0.490921701570E+00
  0.540186141026E+00  0.504970045290E+00
  0.549269796245E+00  0.519332089032E+00
  0.558506114375E+00  0.534008933881E+00
  0.567897661119E+00  0.549001225265E+00
  0.577447045301E+00  0.564309119082E+00
  0.587156919588E+00  0.579932246807E+00
  0.597029981230E+00  0.595869679663E+00
  0.607068972808E+00  0.612119891973E+00
  0.617276682996E+00  0.628680723805E+00
  0.627655947333E+00  0.645549343083E+00
  0.638209649016E+00  0.662722207328E+00
  0.648940719696E+00  0.680195025225E+00
  0.659852140296E+00  0.697962718281E+00
  0.670946941835E+00  0.716019382798E+00
  0.682228206274E+00  0.734358252505E+00
  0.693699067371E+00  0.752971662154E+00
  0.705362711549E+00  0.771851012478E+00
  0.717222378785E+00  0.790986736918E+00
  0.729281363506E+00  0.810368270594E+00
  0.741543015509E+00  0.829984022014E+00
  0.754010740886E+00  0.849821348087E+00
  0.766688002976E+00  0.869866533032E+00
  0.779578323320E+00  0.890104771850E+00
  0.792685282647E+00  0.910520159032E+00
  0.806012521863E+00  0.931095683273E+00
  0.819563743064E+00  0.951813228955E+00
  0.833342710566E+00  0.972653585254E+00
  0.847353251947E+00  0.993596463698E+00
  0.861599259117E+00  0.101462052510E+01
  0.876084689389E+00  0.103570341672E+01
  0.890813566589E+00  0.105682182068E+01
  0.905789982164E+00  0.107795151430E+01
  0.921018096329E+00  0.109906744350E+01
  0.936502139210E+00  0.112014380988E+01
  0.952246412033E+00  0.114115417224E+01
  0.968255288305E+00  0.116207156318E+01
  0.984533215042E+00  0.118286862117E+01
  0.100108471399E+01  0.120351773837E+01
  0.101791438290E+01  0.122399122406E+01
  0.103502689679E+01  0.124426148343E+01
  0.105242700924E+01  0.126430121075E+01
  0.107011955373E+01  0.128408359582E+01
  0.108810944497E+01  0.130358254154E+01
  0.110640168026E+01  0.132277289023E+01
  0.112500134090E+01  0.134163065488E+01
  0.114391359358E+01  0.136013325108E+01
  0.116314369183E+01  0.137825972376E+01
  0.118269697747E+01  0.139599096170E+01
  0.120257888208E+01  0.141330989120E+01
  0.122279492855E+01  0.143020163838E+01
  0.124335073258E+01  0.144665364777E+01
  0.126425200424E+01  0.146265574213E+01
  0.128550454958E+01  0.147820010645E+01
  0.130711427221E+01  0.149328117550E+01
  0.132908717499E+01  0.150789540190E+01
  0.135142936163E+01  0.152204087744E+01
  0.137414703843E+01  0.153571677736E+01
  0.139724651603E+01  0.154892259288E+01
  0.142073421107E+01  0.156165711313E+01
  0.144461664807E+01  0.157391711362E+01
  0.146890046121E+01  0.158569570382E+01
  0.149359239612E+01  0.159698028231E+01
  0.151869931186E+01  0.160775004117E+01
  0.154422818271E+01  0.161797847598E+01
  0.157018610021E+01  0.162763787167E+01
  0.159658027504E+01  0.163670108437E+01
  0.162341803909E+01  0.164514123215E+01
  0.165070684748E+01  0.165293158609E+01
  0.167845428059E+01  0.166004551605E+01
  0.170666804623E+01  0.166645648222E+01
  0.173535598174E+01  0.167213806552E+01
  0.176452605617E+01  0.167706403139E+01
  0.179418637251E+01  0.168120842200E+01
  0.182434516992E+01  0.168454567268E+01
  0.185501082605E+01  0.168705074835E+01
  0.188619185932E+01  0.168869929628E+01
  0.191789693135E+01  0.168946781099E+01
  0.195013484928E+01  0.168933380829E+01
  0.198291456832E+01  0.168827600473E+01
  0.201624519415E+01  0.168627450014E+01
  0.205013598548E+01  0.168331096002E+01
  0.208459635666E+01  0.167936879626E+01
  0.211963588021E+01  0.167443334339E+01
  0.215526428958E+01  0.166849202939E+01
  0.219149148176E+01  0.166153453835E+01
  0.222832752010E+01  0.165355296436E+01
  0.226578263708E+01  0.164454195379E+01
  0.230386723712E+01  0.163449883520E+01
  0.234259189954E+01  0.162342373381E+01
  0.238196738143E+01  0.161131966985E+01
  0.242200462067E+01  0.159819263709E+01
  0.246271473899E+01  0.158405166114E+01
         541           1
  0.000000000000E+00  0.000000000000E+00
  0.510846319546E-05  0.123174848750E-09
  0.103027809112E-04  0.501014529219E-09
  0.155843960465E-04  0.114636036174E-08
  0.209547757508E-04  0.207255938514E-08
  0.264154118307E-04  0.329348266101E-08
  0.319678211647E-04  0.482354421594E-08
  0.376135461243E-04  0.667772064452E-08
  0.433541550030E-04  0.887157139566E-08
  0.491912424510E-04  0.114212597657E-07
  0.551264299192E-04  0.143435746226E-07
  0.611613661089E-04  0.176559528861E-07
  0.672977274301E-04  0.213765027900E-07
  0.735372184670E-04  0.255240279533E-07
  0.798815724517E-04  0.301180522875E-07
  0.863325517456E-04  0.351788457700E-07
  0.928919483287E-04  0.407274511110E-07
  0.995615842980E-04  0.467857113471E-07
  0.106343312373E-03  0.533762983913E-07
  0.113239016411E-03  0.605227425732E-07
  0.120250611928E-03  0.682494632029E-07
  0.127380046637E-03  0.765818001940E-07
  0.134629300981E-03  0.855460467807E-07
  0.142000388688E-03  0.951694833686E-07
  0.149495357331E-03  0.105480412556E-06
  0.157116288893E-03  0.116508195366E-06
  0.164865300349E-03  0.128283288732E-06
  0.172744544251E-03  0.140837284277E-06
  0.180756209330E-03  0.154202948437E-06
  0.188902521099E-03  0.168414263963E-06
  0.197185742474E-03  0.183506472859E-06
  0.205608174405E-03  0.199516120804E-06
  0.214172156510E-03  0.216481103101E-06
  0.222880067727E-03  0.234440712216E-06
  0.231734326977E-03  0.253435686947E-06
  0.240737393834E-03  0.273508263298E-06
  0.249891769206E-03  0.294702227097E-06
  0.259199996036E-03  0.317062968427E-06
  0.268664660001E-03  0.340637537931E-06
  0.278288390236E-03  0.365474705057E-06
  0.288073860060E-03  0.391625018303E-06
  0.298023787723E-03  0.419140867531E-06
  0.308140937158E-03  0.448076548429E-06
  0.318428118749E-03  0.478488329181E-06
  0.328888190112E-03  0.510434519433E-06
  0.339524056891E-03  0.543975541625E-06
  0.350338673561E-03  0.579174004766E-06
  0.361335044251E-03  0.616094780749E-06
  0.372516223580E-03  0.654805083278E-06
  0.383885317504E-03  0.695374549504E-06
  0.395445484175E-03  0.737875324456E-06
  0.407199934828E-03  0.782382148371E-06
  0.419151934661E-03  0.828972447013E-06
  0.431304803753E-03  0.877726425079E-06
  0.443661917977E-03  0.928727162816E-06
  0.456226709946E-03  0.982060715932E-06
  0.469002669960E-03  0.103781621893E-05
  0.481993346979E-03  0.109608599199E-05
  0.495202349607E-03  0.115696565147E-05
  0.508633347098E-03  0.122055422421E-05
  0.522290070371E-03  0.128695426579E-05
  0.536176313046E-03  0.135627198269E-05
  0.550295932504E-03  0.142861735878E-05
  0.564652850951E-03  0.150410428603E-05
  0.579251056513E-03  0.158285069970E-05
  0.594094604341E-03  0.166497871818E-05
  0.609187617738E-03  0.175061478755E-05
  0.624534289304E-03  0.183988983109E-05
  0.640138882103E-03  0.193293940392E-05
  0.656005730845E-03  0.202990385283E-05
  0.672139243088E-03  0.213092848166E-05
  0.688543900468E-03  0.223616372220E-05
  0.705224259940E-03  0.234576531102E-05
  0.722184955045E-03  0.245989447225E-05
  0.739430697195E-03  0.257871810659E-05
  0.756966276985E-03  0.270240898675E-05
  0.774796565523E-03  0.283114595959E-05
  0.792926515781E-03  0.296511415505E-05
  0.811361163972E-03  0.310450520224E-05
  0.830105630952E-03  0.324951745286E-05
  0.849165123637E-03  0.340035621221E-05
  0.868544936453E-03  0.355723397804E-05
  0.888250452805E-03  0.372037068753E-05
  0.908287146576E-03  0.388999397262E-05
  0.928660583643E-03  0.406633942409E-05
  0.949376423424E-03  0.424965086446E-05
  0.970440420452E-03  0.444018063029E-05
  0.991858425974E-03  0.463818986396E-05
  0.101363638957E-02  0.484394881542E-05
  0.103578036082E-02  0.505773715407E-05
  0.105829649097E-02  0.527984429131E-05
  0.108119103464E-02  0.551056971397E-05
  0.110447035157E-02  0.575022332900E-05
  0.112814090840E-02  0.599912581995E-05
  0.115220928042E-02  0.625760901534E-05
  0.117668215346E-02  0.652601626969E-05
  0.120156632569E-02  0.680470285729E-05
  0.122686870953E-02  0.709403637940E-05
  0.125259633360E-02  0.739439718515E-05
  0.127875634462E-02  0.770617880667E-05
  0.130535600943E-02  0.802978840904E-05
  0.133240271699E-02  0.836564725527E-05
  0.135990398045E-02  0.871419118715E-05
  0.138786743924E-02  0.907587112223E-05
  0.141630086115E-02  0.945115356769E-05
  0.144521214454E-02  0.984052115141E-05
  0.147460932052E-02  0.102444731711E-04
  0.150450055514E-02  0.106635261620E-04
  0.153489415174E-02  0.110982144835E-04
  0.156579855315E-02  0.115490909256E-04
  0.159722234415E-02  0.120167273362E-04
  0.162917425376E-02  0.125017152692E-04
  0.166166315772E-02  0.130046666541E-04
  0.169469808094E-02  0.135262144888E-04
  0.172828819999E-02  0.140670135558E-04
  0.176244284567E-02  0.146277411614E-04
  0.179717150562E-02  0.152090979014E-04
  0.183248382690E-02  0.158118084510E-04
  0.186838961872E-02  0.164366223827E-04
  0.190489885514E-02  0.170843150103E-04
  0.194202167784E-02  0.177556882626E-04
  0.197976839897E-02  0.184515715856E-04
  0.201814950397E-02  0.191728228752E-04
  0.205717565450E-02  0.199203294414E-04
  0.209685769141E-02  0.206950090048E-04
  0.213720663774E-02  0.214978107264E-04
  0.217823370179E-02  0.223297162725E-04
  0.221995028024E-02  0.231917409145E-04
  0.226236796128E-02  0.240849346659E-04
  0.230549852789E-02  0.250103834583E-04
  0.234935396105E-02  0.259692103553E-04
  0.239394644311E-02  0.269625768081E-04
  0.243928836116E-02  0.279916839529E-04
  0.248539231046E-02  0.290577739521E-04
  0.253227109796E-02  0.301621313792E-04
  0.257993774586E-02  0.313060846517E-04
  0.262840549518E-02  0.324910075110E-04
  0.267768780952E-02  0.337183205513E-04
  0.272779837871E-02  0.349894928010E-04
  0.277875112269E-02  0.363060433558E-04
  0.283056019531E-02  0.376695430667E-04
  0.288323998833E-02  0.390816162844E-04
  0.293680513535E-02  0.405439426623E-04
  0.299127051593E-02  0.420582590188E-04
  0.304665125969E-02  0.436263612624E-04
  0.310296275053E-02  0.452501063810E-04
  0.316022063089E-02  0.469314144972E-04
  0.321844080610E-02  0.486722709919E-04
  0.327763944881E-02  0.504747286994E-04
  0.333783300347E-02  0.523409101750E-04
  0.339903819090E-02  0.542730100380E-04
  0.346127201292E-02  0.562732973927E-04
  0.352455175712E-02  0.583441183305E-04
  0.358889500161E-02  0.604878985144E-04
  0.365431961993E-02  0.627071458494E-04
  0.372084378599E-02  0.650044532422E-04
  0.378848597917E-02  0.673825014522E-04
  0.385726498940E-02  0.698440620364E-04
  0.392719992239E-02  0.723920003935E-04
  0.399831020498E-02  0.750292789071E-04
  0.407061559046E-02  0.777589601948E-04
  0.414413616415E-02  0.805842104632E-04
  0.421889234888E-02  0.835083029756E-04
  0.429490491076E-02  0.865346216330E-04
  0.437219496486E-02  0.896666646745E-04
  0.445078398115E-02  0.929080484999E-04
  0.453069379041E-02  0.962625116176E-04
  0.461194659032E-02  0.997339187244E-04
  0.469456495164E-02  0.103326264919E-03
  0.477857182443E-02  0.107043680053E-03
  0.486399054448E-02  0.110890433231E-03
  0.495084483977E-02  0.114870937450E-03
  0.503915883703E-02  0.118989754399E-03
  0.512895706851E-02  0.123251599416E-03
  0.522026447874E-02  0.127661346602E-03
  0.531310643146E-02  0.132224034109E-03
  0.540750871672E-02  0.136944869601E-03
  0.550349755798E-02  0.141829235891E-03
  0.560109961941E-02  0.146882696769E-03
  0.570034201334E-02  0.152111003012E-03
  0.580125230773E-02  0.157520098601E-03
  0.590385853386E-02  0.163116127132E-03
  0.600818919413E-02  0.168905438448E-03
  0.611427326994E-02  0.174894595474E-03
  0.622214022979E-02  0.181090381291E-03
  0.633182003739E-02  0.187499806425E-03
  0.644334316008E-02  0.194130116388E-03
  0.655674057722E-02  0.200988799455E-03
  0.667204378881E-02  0.208083594702E-03
  0.678928482427E-02  0.215422500297E-03
  0.690849625131E-02  0.223013782069E-03
  0.702971118498E-02  0.230865982353E-03
  0.715296329687E-02  0.238987929119E-03
  0.727828682447E-02  0.247388745402E-03
  0.740571658069E-02  0.256077859037E-03
  0.753528796348E-02  0.265065012706E-03
  0.766703696575E-02  0.274360274315E-03
  0.780100018528E-02  0.283974047702E-03
  0.793721483493E-02  0.293917083697E-03
  0.807571875299E-02  0.304200491535E-03
  0.821655041365E-02  0.314835750636E-03
  0.835974893773E-02  0.325834722770E-03
  0.850535410352E-02  0.337209664611E-03
  0.865340635783E-02  0.348973240691E-03
  0.880394682725E-02  0.361138536780E-03
  0.895701732952E-02  0.373719073684E-03
  0.911266038523E-02  0.386728821496E-03
  0.927091922956E-02  0.400182214300E-03
  0.943183782431E-02  0.414094165340E-03
  0.959546087013E-02  0.428480082685E-03
  0.976183381892E-02  0.443355885385E-03
  0.993100288645E-02  0.458738020149E-03
  0.101030150652E-01  0.474643478551E-03
  0.102779181375E-01  0.491089814783E-03
  0.104557606886E-01  0.508095163977E-03
  0.106365921204E-01  0.525678261106E-03
  0.108204626649E-01  0.543858460483E-03
  0.110074233986E-01  0.562655755883E-03
  0.111975262561E-01  0.582090801297E-03
  0.113908240451E-01  0.602184932341E-03
  0.115873704606E-01  0.622960188349E-03
  0.117872201000E-01  0.644439335152E-03
  0.119904284786E-01  0.666645888583E-03
  0.121970520442E-01  0.689604138710E-03
  0.124071481938E-01  0.713339174845E-03
  0.126207752887E-01  0.737876911322E-03
  0.128379926712E-01  0.763244114089E-03
  0.130588606807E-01  0.789468428134E-03
  0.132834406709E-01  0.816578405757E-03
  0.135117950267E-01  0.844603535733E-03
  0.137439871812E-01  0.873574273378E-03
  0.139800816338E-01  0.903522071545E-03
  0.142201439678E-01  0.934479412588E-03
  0.144642408686E-01  0.966479841309E-03
  0.147124401427E-01  0.999557998928E-03
  0.149648107357E-01  0.103374965810E-02
  0.152214227523E-01  0.106909175899E-02
  0.154823474752E-01  0.110562244651E-02
  0.157476573852E-01  0.114338110864E-02
  0.160174261812E-01  0.118240841595E-02
  0.162917288008E-01  0.122274636229E-02
  0.165706414408E-01  0.126443830685E-02
  0.168542415787E-01  0.130752901728E-02
  0.171426079943E-01  0.135206471435E-02
  0.174358207911E-01  0.139809311781E-02
  0.177339614191E-01  0.144566349366E-02
  0.180371126970E-01  0.149482670293E-02
  0.183453588353E-01  0.154563525184E-02
  0.186587854602E-01  0.159814334347E-02
  0.189774796364E-01  0.165240693103E-02
  0.193015298923E-01  0.170848377270E-02
  0.196310262438E-01  0.176643348809E-02
  0.199660602199E-01  0.182631761638E-02
  0.203067248877E-01  0.188819967618E-02
  0.206531148784E-01  0.195214522723E-02
  0.210053264137E-01  0.201822193379E-02
  0.213634573325E-01  0.208649963001E-02
  0.217276071178E-01  0.215705038718E-02
  0.220978769247E-01  0.222994858292E-02
  0.224743696084E-01  0.230527097239E-02
  0.228571897524E-01  0.238309676166E-02
  0.232464436983E-01  0.246350768307E-02
  0.236422395746E-01  0.254658807285E-02
  0.240446873271E-01  0.263242495097E-02
  0.244538987496E-01  0.272110810327E-02
  0.248699875144E-01  0.281273016591E-02
  0.252930692045E-01  0.290738671229E-02
  0.257232613452E-01  0.300517634238E-02
  0.261606834372E-01  0.310620077461E-02
  0.266054569893E-01  0.321056494035E-02
  0.270577055528E-01  0.331837708099E-02
  0.275175547550E-01  0.342974884785E-02
  0.279851323348E-01  0.354479540471E-02
  0.284605681779E-01  0.366363553337E-02
  0.289439943529E-01  0.378639174195E-02
  0.294355451479E-01  0.391319037628E-02
  0.299353571080E-01  0.404416173430E-02
  0.304435690729E-01  0.417944018360E-02
  0.309603222161E-01  0.431916428208E-02
  0.314857600833E-01  0.446347690197E-02
  0.320200286330E-01  0.461252535708E-02
  0.325632762763E-01  0.476646153351E-02
  0.331156539191E-01  0.492544202382E-02
  0.336773150030E-01  0.508962826470E-02
  0.342484155487E-01  0.525918667836E-02
  0.348291141988E-01  0.543428881749E-02
  0.354195722623E-01  0.561511151404E-02
  0.360199537590E-01  0.580183703191E-02
  0.366304254656E-01  0.599465322338E-02
  0.372511569614E-01  0.619375368974E-02
  0.378823206757E-01  0.639933794577E-02
  0.385240919360E-01  0.661161158857E-02
  0.391766490161E-01  0.683078647037E-02
  0.398401731861E-01  0.705708087586E-02
  0.405148487625E-01  0.729071970366E-02
  0.412008631595E-01  0.753193465239E-02
  0.418984069412E-01  0.778096441113E-02
  0.426076738741E-01  0.803805485449E-02
  0.433288609814E-01  0.830345924233E-02
  0.440621685975E-01  0.857743842414E-02
  0.448078004237E-01  0.886026104826E-02
  0.455659635847E-01  0.915220377589E-02
  0.463368686863E-01  0.945355150001E-02
  0.471207298737E-01  0.976459756926E-02
  0.479177648911E-01  0.100856440169E-01
  0.487281951425E-01  0.104170017945E-01
  0.495522457524E-01  0.107589910117E-01
  0.503901456291E-01  0.111119411797E-01
  0.512421275279E-01  0.114761914614E-01
  0.521084281160E-01  0.118520909255E-01
  0.529892880380E-01  0.122399988075E-01
  0.538849519829E-01  0.126402847741E-01
  0.547956687520E-01  0.130533291948E-01
  0.557216913280E-01  0.134795234174E-01
  0.566632769453E-01  0.139192700503E-01
  0.576206871616E-01  0.143729832486E-01
  0.585941879303E-01  0.148410890073E-01
  0.595840496746E-01  0.153240254587E-01
  0.605905473624E-01  0.158222431758E-01
  0.616139605828E-01  0.163362054809E-01
  0.626545736240E-01  0.168663887600E-01
  0.637126755517E-01  0.174132827814E-01
  0.647885602900E-01  0.179773910212E-01
  0.658825267027E-01  0.185592309928E-01
  0.669948786764E-01  0.191593345822E-01
  0.681259252048E-01  0.197782483880E-01
  0.692759804748E-01  0.204165340672E-01
  0.704453639537E-01  0.210747686848E-01
  0.716344004777E-01  0.217535450692E-01
  0.728434203424E-01  0.224534721720E-01
  0.740727593943E-01  0.231751754321E-01
  0.753227591245E-01  0.239192971445E-01
  0.765937667631E-01  0.246864968332E-01
  0.778861353761E-01  0.254774516284E-01
  0.792002239629E-01  0.262928566471E-01
  0.805363975567E-01  0.271334253777E-01
  0.818950273254E-01  0.279998900681E-01
  0.832764906748E-01  0.288930021161E-01
  0.846811713537E-01  0.298135324641E-01
  0.861094595601E-01  0.307622719946E-01
  0.875617520501E-01  0.317400319293E-01
  0.890384522474E-01  0.327476442294E-01
  0.905399703562E-01  0.337859619974E-01
  0.920667234743E-01  0.348558598804E-01
  0.936191357098E-01  0.359582344732E-01
  0.951976382982E-01  0.370940047225E-01
  0.968026697226E-01  0.382641123302E-01
  0.984346758355E-01  0.394695221562E-01
  0.100094109982E+00  0.407112226192E-01
  0.101781433127E+00  0.419902260966E-01
  0.103497113983E+00  0.433075693207E-01
  0.105241629138E+00  0.446643137723E-01
  0.107015463191E+00  0.460615460701E-01
  0.108819108885E+00  0.475003783556E-01
  0.110653067244E+00  0.489819486723E-01
  0.112517847714E+00  0.505074213387E-01
  0.114413968300E+00  0.520779873145E-01
  0.116341955715E+00  0.536948645584E-01
  0.118302345524E+00  0.553592983767E-01
  0.120295682291E+00  0.570725617629E-01
  0.122322519735E+00  0.588359557250E-01
  0.124383420879E+00  0.606508096021E-01
  0.126478958208E+00  0.625184813664E-01
  0.128609713830E+00  0.644403579120E-01
  0.130776279634E+00  0.664178553270E-01
  0.132979257460E+00  0.684524191496E-01
  0.135219259258E+00  0.705455246050E-01
  0.137496907267E+00  0.726986768233E-01
  0.139812834181E+00  0.749134110359E-01
  0.142167683328E+00  0.771912927490E-01
  0.144562108847E+00  0.795339178934E-01
  0.146996775873E+00  0.819429129476E-01
  0.149472360717E+00  0.844199350338E-01
  0.151989551058E+00  0.869666719842E-01
  0.154549046132E+00  0.895848423762E-01
  0.157151556925E+00  0.922761955346E-01
  0.159797806375E+00  0.950425114981E-01
  0.162488529567E+00  0.978856009490E-01
  0.165224473942E+00  0.100807305104E+00
  0.168006399502E+00  0.103809495563E+00
  0.170835079022E+00  0.106894074115E+00
  0.173711298265E+00  0.110062972497E+00
  0.176635856199E+00  0.113318152104E+00
  0.179609565219E+00  0.116661603653E+00
  0.182633251376E+00  0.120095346788E+00
  0.185707754601E+00  0.123621429631E+00
  0.188833928944E+00  0.127241928276E+00
  0.192012642805E+00  0.130958946222E+00
  0.195244779181E+00  0.134774613742E+00
  0.198531235910E+00  0.138691087183E+00
  0.201872925916E+00  0.142710548201E+00
  0.205270777468E+00  0.146835202918E+00
  0.208725734436E+00  0.151067281014E+00
  0.212238756552E+00  0.155409034726E+00
  0.215810819679E+00  0.159862737783E+00
  0.219442916078E+00  0.164430684242E+00
  0.223136054690E+00  0.169115187244E+00
  0.226891261409E+00  0.173918577682E+00
  0.230709579374E+00  0.178843202769E+00
  0.234592069251E+00  0.183891424516E+00
  0.238539809536E+00  0.189065618106E+00
  0.242553896849E+00  0.194368170169E+00
  0.246635446239E+00  0.199801476948E+00
  0.250785591496E+00  0.205367942357E+00
  0.255005485466E+00  0.211069975935E+00
  0.259296300369E+00  0.216909990670E+00
  0.263659228124E+00  0.222890400724E+00
  0.268095480684E+00  0.229013619023E+00
  0.272606290371E+00  0.235282054736E+00
  0.277192910215E+00  0.241698110616E+00
  0.281856614308E+00  0.248264180231E+00
  0.286598698153E+00  0.254982645048E+00
  0.291420479026E+00  0.261855871397E+00
  0.296323296341E+00  0.268886207297E+00
  0.301308512023E+00  0.276075979147E+00
  0.306377510888E+00  0.283427488283E+00
  0.311531701022E+00  0.290943007394E+00
  0.316772514178E+00  0.298624776805E+00
  0.322101406172E+00  0.306475000613E+00
  0.327519857285E+00  0.314495842694E+00
  0.333029372678E+00  0.322689422564E+00
  0.338631482807E+00  0.331057811104E+00
  0.344327743849E+00  0.339603026151E+00
  0.350119738137E+00  0.348327027943E+00
  0.356009074594E+00  0.357231714446E+00
  0.361997389185E+00  0.366318916531E+00
  0.368086345370E+00  0.375590393037E+00
  0.374277634564E+00  0.385047825695E+00
  0.380572976610E+00  0.394692813938E+00
  0.386974120254E+00  0.404526869585E+00
  0.393482843633E+00  0.414551411414E+00
  0.400100954768E+00  0.424767759622E+00
  0.406830292065E+00  0.435177130176E+00
  0.413672724828E+00  0.445780629064E+00
  0.420630153776E+00  0.456579246453E+00
  0.427704511574E+00  0.467573850744E+00
  0.434897763366E+00  0.478765182550E+00
  0.442211907325E+00  0.490153848581E+00
  0.449648975203E+00  0.501740315454E+00
  0.457211032902E+00  0.513524903422E+00
  0.464900181040E+00  0.525507780031E+00
  0.472718555543E+00  0.537688953695E+00
  0.480668328230E+00  0.550068267205E+00
  0.488751707424E+00  0.562645391152E+00
  0.496970938559E+00  0.575419817273E+00
  0.505328304808E+00  0.588390851702E+00
  0.513826127715E+00  0.601557608137E+00
  0.522466767842E+00  0.614919000880E+00
  0.531252625421E+00  0.628473737776E+00
  0.540186141026E+00  0.642220312997E+00
  0.549269796245E+00  0.656156999681E+00
  0.558506114375E+00  0.670281842377E+00
  0.567897661119E+00  0.684592649308E+00
  0.577447045301E+00  0.699086984387E+00
  0.587156919588E+00  0.713762158988E+00
  0.597029981230E+00  0.728615223430E+00
  0.607068972808E+00  0.743642958161E+00
  0.617276682996E+00  0.758841864590E+00
  0.627655947333E+00  0.774208155591E+00
  0.638209649016E+00  0.789737745610E+00
  0.648940719696E+00  0.805426240406E+00
  0.659852140296E+00  0.821268926400E+00
  0.670946941835E+00  0.837260759648E+00
  0.682228206274E+00  0.853396354452E+00
  0.693699067371E+00  0.869669971642E+00
  0.705362711549E+00  0.886075506560E+00
  0.717222378785E+00  0.902606476819E+00
  0.729281363506E+00  0.919256009871E+00
  0.741543015509E+00  0.936016830492E+00
  0.754010740886E+00  0.952881248236E+00
  0.766688002976E+00  0.969841144952E+00
  0.779578323320E+00  0.986887962447E+00
  0.792685282647E+00  0.100401269037E+01
  0.806012521863E+00  0.102120585437E+01
  0.819563743064E+00  0.103845750464E+01
  0.833342710566E+00  0.105575720484E+01
  0.847353251947E+00  0.107309402157E+01
  0.861599259117E+00  0.109045651447E+01
  0.876084689389E+00  0.110783272722E+01
  0.890813566589E+00  0.112521018002E+01
  0.905789982164E+00  0.114257586431E+01
  0.921018096329E+00  0.115991624134E+01
  0.936502139210E+00  0.117721724706E+01
  0.952246412033E+00  0.119446430736E+01
  0.968255288305E+00  0.121164236987E+01
  0.984533215042E+00  0.122873596144E+01
  0.100108471399E+01  0.124572928445E+01
  0.101791438290E+01  0.126260636982E+01
  0.103502689679E+01  0.127935130939E+01
  0.105242700924E+01  0.129594859445E+01
  0.107011955373E+01  0.131238358641E+01
  0.108810944497E+01  0.132864313704E+01
  0.110640168026E+01  0.134471635008E+01
  0.112500134090E+01  0.136059542689E+01
  0.114391359358E+01  0.137627645824E+01
  0.116314369183E+01  0.139175991742E+01
  0.118269697747E+01  0.140705050394E+01
  0.120257888208E+01  0.142215595389E+01
  0.122279492855E+01  0.143708457937E+01
  0.124335073258E+01  0.145184172069E+01
  0.126425200424E+01  0.146642591533E+01
  0.128550454958E+01  0.148082605468E+01
  0.130711427221E+01  0.149502063286E+01
  0.132908717499E+01  0.150897930743E+01
  0.135142936163E+01  0.152266595914E+01
  0.137414703843E+01  0.153604199169E+01
  0.139724651603E+01  0.154906890918E+01
  0.142073421107E+01  0.156170982733E+01
  0.144461664807E+01  0.157393005317E+01
  0.146890046121E+01  0.158569705764E+01
  0.149359239612E+01  0.159698014684E+01
  0.151869931186E+01  0.160775004117E+01
  0.154422818271E+01  0.161797847598E+01
  0.157018610021E+01  0.162763787167E+01
  0.159658027504E+01  0.163670108437E+01
  0.162341803909E+01  0.164514123215E+01
  0.165070684748E+01  0.165293158609E+01
  0.167845428059E+01  0.166004551605E+01
  0.170666804623E+01  0.166645648222E+01
  0.173535598174E+01  0.167213806552E+01
  0.176452605617E+01  0.167706403139E+01
  0.179418637251E+01  0.168120842200E+01
  0.182434516992E+01  0.168454567268E+01
  0.185501082605E+01  0.168705074835E+01
  0.188619185932E+01  0.168869929628E+01
  0.191789693135E+01  0.168946781099E+01
  0.195013484928E+01  0.168933380829E+01
  0.198291456832E+01  0.168827600473E+01
  0.201624519415E+01  0.168627450014E+01
  0.205013598548E+01  0.168331096002E+01
  0.208459635666E+01  0.167936879626E+01
  0.211963588021E+01  0.167443334339E+01
  0.215526428958E+01  0.166849202939E+01
  0.219149148176E+01  0.166153453835E+01
  0.222832752010E+01  0.165355296436E+01
  0.226578263708E+01  0.164454195379E+01
  0.230386723712E+01  0.163449883520E+01
  0.234259189954E+01  0.162342373381E+01
  0.238196738143E+01  0.161131966985E+01
  0.242200462067E+01  0.159819263709E+01
  0.246271473899E+01  0.158405166114E+01
  transformed atomic waves - 
