  position
     6   1             ! nwfc1, nwfc2
   0 0 1 1 2 2         ! lwfc1(1:nwfc1)
   0                   ! lwfc2(1:nwfc2)
            28         ! nonzero elements (i,j,ixyz,cR,cI)
    1  1  4    0.6554040010087192E-04   0.0000000000000000E+00
    1  1  5    0.6554040010087192E-04   0.0000000000000000E+00
    1  1  6    0.6554040010087192E-04   0.0000000000000000E+00
    2  1  4    0.7963233656482771E-04   0.0000000000000000E+00
    2  1  5    0.7963233656482771E-04   0.0000000000000000E+00
    2  1  6    0.7963233656482771E-04   0.0000000000000000E+00
    3  1  3   -0.1585080660879612E-01   0.0000000000000000E+00
    4  1  1   -0.1585080660879612E-01   0.0000000000000000E+00
    5  1  2   -0.1585080660879612E-01   0.0000000000000000E+00
    6  1  3    0.2424417436122894E-01   0.0000000000000000E+00
    7  1  1    0.2424417436122894E-01   0.0000000000000000E+00
    8  1  2    0.2424417436122894E-01   0.0000000000000000E+00
    9  1  4   -0.2769718994386494E-03   0.0000000000000000E+00
    9  1  5   -0.2769718994386494E-03   0.0000000000000000E+00
    9  1  6    0.5539437988772988E-03   0.0000000000000000E+00
   10  1  9    0.4797294095624238E-03   0.0000000000000000E+00
   11  1  8    0.4797294095624238E-03   0.0000000000000000E+00
   12  1  4    0.4797294095624238E-03   0.0000000000000000E+00
   12  1  5   -0.4797294095624238E-03   0.0000000000000000E+00
   13  1  7    0.4797294095624238E-03   0.0000000000000000E+00
   14  1  4   -0.3636893234215677E-03   0.0000000000000000E+00
   14  1  5   -0.3636893234215677E-03   0.0000000000000000E+00
   14  1  6    0.7273786468431354E-03   0.0000000000000000E+00
   15  1  9    0.6299284286797047E-03   0.0000000000000000E+00
   16  1  8    0.6299284286797047E-03   0.0000000000000000E+00
   17  1  4    0.6299284286797047E-03   0.0000000000000000E+00
   17  1  5   -0.6299284286797047E-03   0.0000000000000000E+00
   18  1  7    0.6299284286797047E-03   0.0000000000000000E+00
